#date     expnum ccd id ccdnum
20140328  296596  32 N22  53
20140328  296596  37 N27  58
20140328  296596  38 N26  57
20140328  296597  32 N22  53
20140328  296597  37 N27  58
20140328  296597  38 N26  57
20140328  296729  75 S26   5
20140328  296729  80 S30   2
20140328  296729 nan nan  10
20140506  311587  12  N6  37
20140506  311587  13  N5  36
20140506  311587  14  N4  35
20140506  311587  15  N3  34
20140506  311587  16  N2  33
20140506  311587  19 N12  43
20140506  311587  20 N11  42
20140506  311587  21 N10  41
20140506  311587  22  N9  40
20140506  311587  25 N18  49
20140506  311587  26 N17  48
20140506  311587  27 N16  47
20140506  311587  28 N15  46
20140506  311587  31 N23  54
20140506  311587  32 N22  53
20140506  311587  33 N21  52
20140506  311587  49  S6  30
20140506  311587  50  S5  29
20140506  311587  51  S4  28
20140506  311587  52  S3  27
20140506  311587  53  S2  26
20140506  311587  55 S13  24
20140506  311587  56 S12  23
20140506  311587  57 S11  22
20140506  311587  58 S10  21
20140506  311587  59  S9  20
20140506  311587  62 S18  17
20140506  311587  63 S17  16
20140506  311587  64 S16  15
20140506  311587  65 S15  14
20140506  311587  68 S23  11
20140506  311587  69 S22  10
20140506  311587  70 S21   9
20140506  311587  74 S27   6
20140506  311588  12  N6  37
20140506  311588  13  N5  36
20140506  311588  14  N4  35
20140506  311588  15  N3  34
20140506  311588  16  N2  33
20140506  311588  19 N12  43
20140506  311588  20 N11  42
20140506  311588  21 N10  41
20140506  311588  22  N9  40
20140506  311588  25 N18  49
20140506  311588  26 N17  48
20140506  311588  27 N16  47
20140506  311588  28 N15  46
20140506  311588  31 N23  54
20140506  311588  32 N22  53
20140506  311588  33 N21  52
20140506  311588  49  S6  30
20140506  311588  50  S5  29
20140506  311588  51  S4  28
20140506  311588  52  S3  27
20140506  311588  53  S2  26
20140506  311588  56 S12  23
20140506  311588  57 S11  22
20140506  311588  58 S10  21
20140506  311588  59  S9  20
20140506  311588  62 S18  17
20140506  311588  63 S17  16
20140506  311588  64 S16  15
20140506  311588  65 S15  14
20140506  311588  67 S24  12
20140506  311588  68 S23  11
20140506  311588  69 S22  10
20140506  311588  70 S21   9
20140506  311588  71 S20   8
20140506  311588  73 S28   7
20140506  311588  74 S27   6
20140506  311588  75 S26   5
20140506  311588  79 S31   3
20140506  311588  80 S30   2
20140506  311589  12  N6  37
20140506  311589  13  N5  36
20140506  311589  14  N4  35
20140506  311589  15  N3  34
20140506  311589  16  N2  33
20140506  311589  19 N12  43
20140506  311589  20 N11  42
20140506  311589  21 N10  41
20140506  311589  22  N9  40
20140506  311589  23  N8  39
20140506  311589  25 N18  49
20140506  311589  26 N17  48
20140506  311589  27 N16  47
20140506  311589  28 N15  46
20140506  311589  29 N14  45
20140506  311589  31 N23  54
20140506  311589  32 N22  53
20140506  311589  33 N21  52
20140506  311589  34 N20  51
20140506  311589  49  S6  30
20140506  311589  50  S5  29
20140506  311589  51  S4  28
20140506  311589  52  S3  27
20140506  311589  53  S2  26
20140506  311589  56 S12  23
20140506  311589  57 S11  22
20140506  311589  58 S10  21
20140506  311589  59  S9  20
20140506  311589  60  S8  19
20140506  311589  62 S18  17
20140506  311589  63 S17  16
20140506  311589  64 S16  15
20140506  311589  65 S15  14
20140506  311589  68 S23  11
20140506  311589  69 S22  10
20140506  311589  70 S21   9
20140506  311590  12  N6  37
20140506  311590  13  N5  36
20140506  311590  14  N4  35
20140506  311590  15  N3  34
20140506  311590  16  N2  33
20140506  311590  18 N13  44
20140506  311590  19 N12  43
20140506  311590  20 N11  42
20140506  311590  21 N10  41
20140506  311590  22  N9  40
20140506  311590  24 N19  50
20140506  311590  25 N18  49
20140506  311590  26 N17  48
20140506  311590  27 N16  47
20140506  311590  28 N15  46
20140506  311590  30 N24  55
20140506  311590  31 N23  54
20140506  311590  32 N22  53
20140506  311590  33 N21  52
20140506  311590  36 N28  59
20140506  311590  37 N27  58
20140506  311590  38 N26  57
20140506  311590  42 N31  62
20140506  311590  43 N30  61
20140506  311590  49  S6  30
20140506  311590  50  S5  29
20140506  311590  51  S4  28
20140506  311590  52  S3  27
20140506  311590  53  S2  26
20140506  311590  56 S12  23
20140506  311590  57 S11  22
20140506  311590  58 S10  21
20140506  311590  59  S9  20
20140506  311590  62 S18  17
20140506  311590  63 S17  16
20140506  311590  64 S16  15
20140506  311590  65 S15  14
20140506  311590  68 S23  11
20140506  311590  69 S22  10
20140506  311590  70 S21   9
20140506  311591  11  N7  38
20140506  311591  12  N6  37
20140506  311591  13  N5  36
20140506  311591  14  N4  35
20140506  311591  15  N3  34
20140506  311591  16  N2  33
20140506  311591  18 N13  44
20140506  311591  19 N12  43
20140506  311591  20 N11  42
20140506  311591  21 N10  41
20140506  311591  22  N9  40
20140506  311591  24 N19  50
20140506  311591  25 N18  49
20140506  311591  26 N17  48
20140506  311591  27 N16  47
20140506  311591  28 N15  46
20140506  311591  30 N24  55
20140506  311591  31 N23  54
20140506  311591  32 N22  53
20140506  311591  33 N21  52
20140506  311591  48  S7  31
20140506  311591  49  S6  30
20140506  311591  50  S5  29
20140506  311591  51  S4  28
20140506  311591  52  S3  27
20140506  311591  53  S2  26
20140506  311591  55 S13  24
20140506  311591  56 S12  23
20140506  311591  57 S11  22
20140506  311591  58 S10  21
20140506  311591  59  S9  20
20140506  311591  61 S19  18
20140506  311591  62 S18  17
20140506  311591  63 S17  16
20140506  311591  64 S16  15
20140506  311591  65 S15  14
20140506  311591  67 S24  12
20140506  311591  68 S23  11
20140506  311591  69 S22  10
20140506  311591  70 S21   9
20140506  311592  11  N7  38
20140506  311592  12  N6  37
20140506  311592  13  N5  36
20140506  311592  14  N4  35
20140506  311592  15  N3  34
20140506  311592  18 N13  44
20140506  311592  19 N12  43
20140506  311592  20 N11  42
20140506  311592  21 N10  41
20140506  311592  25 N18  49
20140506  311592  26 N17  48
20140506  311592  48  S7  31
20140506  311592  49  S6  30
20140506  311592  51  S4  28
20140506  311592  52  S3  27
20140506  311592  55 S13  24
20140506  311592  56 S12  23
20140506  311592  57 S11  22
20140506  311592  58 S10  21
20140506  311592  61 S19  18
20140506  311592  62 S18  17
20140506  311592  63 S17  16
20140506  311592  64 S16  15
20140506  311592  67 S24  12
20140506  311592  68 S23  11
20140506  311592  69 S22  10
20140506  311592  73 S28   7
20140506  311592 nan nan  29
20140506  311592  74 S27   6
20140507  312129  53  S2  26
20140507  312130  60  S8  19
20140507  312130  66 S14  13
20140507  312130 nan nan  20
20140507  312131  17  N1  32
20140507  312131  54  S1  25
20140507  312131 nan nan  33
20140507  312132  22  N9  40
20140507  312132  28 N15  46
20140507  312133  15  N3  34
20140507  312134  52  S3  27
20140507  312134  58 S10  21
20140507  312134  59  S9  20
20140508  312694  71 S20   8
20140508  312695  66 S14  13
20140508  312695  71 S20   8
20140508  312696  66 S14  13
20140508  312696  71 S20   8
20140508  312697  66 S14  13
20140508  312697  71 S20   8
20140508  312698  66 S14  13
20140508  312698  71 S20   8
20140508  312699  66 S14  13
20140508  312699  71 S20   8
20140526  317593  66 S14  13
20140526  317593  71 S20   8
20140526  317594  66 S14  13
20140526  317594  71 S20   8
20140526  317595  66 S14  13
20140526  317595  71 S20   8
20140526  317603  66 S14  13
20140526  317603  71 S20   8
20140526  317604  66 S14  13
20140526  317604  71 S20   8
20140526  317605  66 S14  13
20140526  317605  71 S20   8
20140530  318655 nan nan  20 
20140530  318656 nan nan  20
20140530  318665  60  S8  19
20140530  318665  66 S14  13
20140530  318665 nan nan  14
20140530  318666  66 S14  13
20140530  318674 nan nan  20
20140530  318675 nan nan  20
20140530  318676 nan nan  20
20140530  318677 nan nan  20
20140530  318678 nan nan  20 
20140530  318679 nan nan  20
20140605  320261  38 N26  57
20140605  320261  39 N25  56
20140605  320286  12  N6  37
20140605  320286  14  N4  35
20140605  320286  15  N3  34
20140605  320286  16  N2  33
20140605  320286  17  N1  32
20140605  320286  21 N10  41
20140605  320286  22  N9  40
20140605  320286  23  N8  39
20140605  320286  28 N15  46
20140605  320286  29 N14  45
20140605  320286  49  S6  30
20140605  320286  50  S5  29
20140605  320286  52  S3  27
20140605  320286  53  S2  26
20140605  320286  54  S1  25
20140605  320286  55 S13  24
20140605  320286  56 S12  23
20140605  320286  59  S9  20
20140605  320286  60  S8  19
20140605  320289  36 N28  59
20140605  320436  12  N6  37
20140605  320436  14  N4  35
20140605  320436  15  N3  34
20140605  320436  16  N2  33
20140605  320436  17  N1  32
20140605  320436  21 N10  41
20140605  320436  22  N9  40
20140605  320436  23  N8  39
20140605  320436  28 N15  46
20140605  320436  29 N14  45
20140605  320436  49  S6  30
20140605  320436  50  S5  29
20140605  320436  52  S3  27
20140605  320436  53  S2  26
20140605  320436  54  S1  25
20140605  320436  55 S13  24
20140605  320436  56 S12  23
20140605  320436  59  S9  20
20140605  320436  60  S8  19
20140605  320441  36 N28  59
20140605  320443  36 N28  59
20140622  328544  15  N3  34
20140622  328577  12  N6  37
20140622  328577  14  N4  35
20140622  328577  15  N3  34
20140622  328577  16  N2  33
20140622  328577  17  N1  32
20140622  328577  21 N10  41
20140622  328577  22  N9  40
20140622  328577  23  N8  39
20140622  328577  28 N15  46
20140622  328577  29 N14  45
20140622  328577  49  S6  30
20140622  328577  50  S5  29
20140622  328577  52  S3  27
20140622  328577  53  S2  26
20140622  328577  54  S1  25
20140622  328577  55 S13  24
20140622  328577  56 S12  23
20140622  328577  59  S9  20
20140622  328577  60  S8  19
20140622  328580  36 N28  59
20140622  328621  15  N3  34
20140622  328719  66 S14  13
20140622  328719  71 S20   8
20140622  328720  66 S14  13
20140622  328720  71 S20   8
20140622  328721  66 S14  13
20140622  328721  71 S20   8
20140622  328722  66 S14  13
20140622  328722  71 S20   8
20140622  328723  66 S14  13
20140622  328723  71 S20   8
20140622  328724  66 S14  13
20140622  328724  71 S20   8
20140627  331554  17  N1  32
20140627  331554  23  N8  39
20140627  331664  17  N1  32
20140627  331664  23  N8  39
20140629  332447  17  N1  32
20140629  332447  23  N8  39
20140702  334321  80 S30   2
20140702  334321 nan nan   1
20140702  334321 nan nan  41
20140702  334321 nan nan  47
20140702  334321 nan nan  59
20140702  334321 nan nan  58
20140702  334327  80 S30   2
20140702  334327  81 S29   1
20140702  334327 nan nan  41
20140702  334327 nan nan  47
20140702  334327 nan nan  59
20140702  334327 nan nan  58
20140702  334328  80 S30   2
20140702  334328  81 S29   1
20140702  334328 nan nan  41
20140702  334328 nan nan  47
20140702  334328 nan nan  59
20140702  334328 nan nan  58
20140702  334329  80 S30   2
20140702  334329  81 S29   1
20140702  334329 nan nan  41
20140702  334329 nan nan  47
20140702  334329 nan nan  59
20140702  334329 nan nan  58
20140702  334330  80 S30   2
20140702  334330  81 S29   1
20140702  334330 nan nan  47
20140702  334330 nan nan  59
20140702  334330 nan nan  58
20140702  334331  80 S30   2
20140702  334331  81 S29   1
20140702  334332  80 S30   2
20140702  334332  81 S29   1
20140702  334332 nan nan  47
20140702  334332 nan nan  59
20140702  334332 nan nan  58
20140702  334333  80 S30   2
20140702  334333  81 S29   1
20140702  334333 nan nan  47
20140702  334333 nan nan  59
20140702  334333 nan nan  58
20140702  334334  80 S30   2
20140702  334334  81 S29   1
20140702  334334 nan nan  47
20140702  334334 nan nan  59
20140702  334334 nan nan  58
20140702  334335  80 S30   2
20140702  334335  81 S29   1
20140702  334335 nan nan  47
20140702  334335 nan nan  59
20140702  334335 nan nan  58
20140702  334336  80 S30   2
20140702  334336  81 S29   1
20140702  334336 nan nan  47
20140702  334336 nan nan  59
20140702  334336 nan nan  58
20140702  334337  80 S30   2
20140702  334337  81 S29   1
20140702  334337 nan nan  47
20140702  334337 nan nan  59
20140702  334337 nan nan  58
20140702  334338  80 S30   2
20140702  334338  81 S29   1
20140702  334338 nan nan  47
20140702  334338 nan nan  59
20140702  334338 nan nan  58
20140702  334339  80 S30   2
20140702  334339  81 S29   1
20140702  334339 nan nan   4
20140702  334339 nan nan   5
20140702  334339 nan nan  47
20140702  334339 nan nan  59
20140702  334339 nan nan  58
20140702  334340  80 S30   2
20140702  334340  81 S29   1
20140702  334340 nan nan   4
20140702  334340 nan nan   5
20140702  334340 nan nan  47
20140702  334340 nan nan  59
20140702  334340 nan nan  58
20140702  334354  80 S30   2
20140702  334354  81 S29   1
20140702  334354 nan nan   4
20140702  334354 nan nan   5
20140702  334354 nan nan  47
20140702  334354 nan nan  59
20140702  334354 nan nan  58
20140702  334361  75 S26   5
20140702  334361  80 S30   2
20140702  334361  81 S29   1
20140702  334361 nan nan   4
20140702  334361 nan nan   9
20140702  334361 nan nan  47
20140702  334361 nan nan  46
20140702  334361 nan nan  52
20140702  334362  75 S26   5
20140702  334362  80 S30   2
20140702  334362  81 S29   1
20140702  334362 nan nan   4
20140702  334362 nan nan   9
20140702  334362 nan nan  47
20140702  334362 nan nan  46
20140702  334362 nan nan  52
20140702  334363  75 S26   5
20140702  334363  80 S30   2
20140702  334363  81 S29   1
20140702  334363 nan nan   4
20140702  334363 nan nan   9
20140702  334363 nan nan  47
20140702  334363 nan nan  46
20140702  334363 nan nan  52
20140702  334364  75 S26   5
20140702  334364  80 S30   2
20140702  334364  81 S29   1
20140702  334364 nan nan   4
20140702  334364 nan nan   9
20140702  334364 nan nan  47
20140702  334364 nan nan  46
20140702  334364 nan nan  52
20140702  334365  75 S26   5
20140702  334365  80 S30   2
20140702  334365  81 S29   1
20140702  334365 nan nan   4
20140702  334365 nan nan   9
20140702  334365 nan nan  47
20140702  334365 nan nan  46
20140702  334365 nan nan  52
20140702  334366  75 S26   5
20140702  334366  80 S30   2
20140702  334366  81 S29   1
20140702  334366 nan nan   4
20140702  334366 nan nan   9
20140702  334366 nan nan  47
20140702  334366 nan nan  46
20140702  334366 nan nan  52
20140702  334367  75 S26   5
20140702  334367  80 S30   2
20140702  334367  81 S29   1
20140702  334367 nan nan   4
20140702  334367 nan nan   9
20140702  334367 nan nan  52
20140702  334368  75 S26   5
20140702  334368  80 S30   2
20140702  334368  81 S29   1
20140702  334368 nan nan   4
20140702  334368 nan nan   9
20140702  334368 nan nan  52
20140702  334369  75 S26   5
20140702  334369  80 S30   2
20140702  334369  81 S29   1
20140702  334369 nan nan   4
20140702  334369 nan nan   9
20140702  334369 nan nan  52
20140713  336417  71 S20   8
20140713  336418  71 S20   8
20140713  336419  71 S20   8
20140716  337852  80 S30   2
20140716  337852  81 S29   1
20140716  337852 nan nan   4
20140716  337852 nan nan   5
20140716  337852 nan nan  59
20140716  337852 nan nan  58
20140716  337853  80 S30   2
20140716  337853  81 S29   1
20140716  337853 nan nan   4
20140716  337853 nan nan   5
20140716  337853 nan nan  59
20140716  337853 nan nan  58
20140716  337870  13  N5  36
20140716  337870  14  N4  35
20140716  337871  13  N5  36
20140716  337871  14  N4  35
20140716  337932  71 S20   8
20140716  337933  71 S20   8
20140716  337936  71 S20   8
20140716  337937  71 S20   8
20140716  337938  71 S20   8
20140717  338447  14  N4  35
20140717  338447  51  S4  28
20140717  338448  14  N4  35
20140717  338448  51  S4  28
20140717  338449  14  N4  35
20140717  338449  20 N11  42
20140717  338449  21 N10  41
20140717  338449  51  S4  28
20140717  338450  14  N4  35
20140717  338450 nan nan  28
20140718  338780  48  S7  31
20140718  338781  48  S7  31
20140718  338782  48  S7  31
20140718  338976  22  N9  40
20140718  338976  28 N15  46
20140718  338976  33 N21  52
20140718  338976  34 N20  51
20140718  338976  50  S5  29
20140718  338976  51  S4  28
20140718  338976  56 S12  23
20140718  338976  57 S11  22
20140718  338976  62 S18  17
20140718  338976  63 S17  16
20140718  338977  28 N15  46
20140718  338977  29 N14  45
20140718  338977  33 N21  52
20140718  338977  34 N20  51
20140718  338977  50  S5  29
20140718  338977  51  S4  28
20140718  338977  56 S12  23
20140718  338977  57 S11  22
20140718  338977  62 S18  17
20140718  338977  63 S17  16
20140718  338978  28 N15  46
20140718  338978  29 N14  45
20140718  338978  33 N21  52
20140718  338978  34 N20  51
20140718  338978  50  S5  29
20140718  338978  56 S12  23
20140718  338978  57 S11  22
20140718  338978  62 S18  17
20140718  338978  63 S17  16
20140718  338979  21 N10  41
20140718  338979  22  N9  40
20140718  338979  27 N16  47
20140718  338979  28 N15  46
20140718  338979  29 N14  45
20140718  338979  33 N21  52
20140718  338979  34 N20  51
20140718  338980  21 N10  41
20140718  338980  22  N9  40
20140718  338980  27 N16  47
20140718  338980  28 N15  46
20140718  338980  29 N14  45
20140718  338980  33 N21  52
20140718  338980  34 N20  51
20140718  338981  21 N10  41
20140718  338981  22  N9  40
20140718  338981  27 N16  47
20140718  338981  28 N15  46
20140718  338981  29 N14  45
20140718  338981  33 N21  52
20140718  338981  34 N20  51
20140719  339442  12  N6  37
20140719  339442  49  S6  30
20140719  339444  12  N6  37
20140719  339444  49  S6  30
20140719  339550  44 N29  60
20140719  339550 nan nan   3
20140719  339550 nan nan  57
20140719  339550 nan nan  56
20140719  339552  44 N29  60
20140719  339552 nan nan   3
20140719  339552 nan nan  57
20140719  339552 nan nan  56
20140719  339553  44 N29  60
20140719  339553 nan nan   3
20140719  339553 nan nan  57
20140719  339553 nan nan  56
20140810  346605  42 N31  62
20140810  346605 nan nan  58
20140810  346613  70 S21   9
20140810  346613 nan nan  15
20140811  347100  13  N5  36
20140811  347100  19 N12  43
20140811  347100  20 N11  42
20140811  347155  14  N4  35
20140811  347155  51  S4  28
20140812  347320  64 S16  15
20140812  347320  65 S15  14
20140812  347320  70 S21   9
20140812  347320  75 S26   5
20140812  347321  64 S16  15
20140812  347321  65 S15  14
20140812  347321  70 S21   9
20140812  347321  75 S26   5
20140812  347322  37 N27  58
20140812  347322  42 N31  62
20140812  347322  43 N30  61
20140812  347322 nan nan  38
20140812  347322 nan nan  37
20140812  347322 nan nan   1
20140813  347637 nan nan  25
20140813  347708  50  S5  29
20140813  347708  56 S12  23
20140813  347708  57 S11  22
20140813  347708  62 S18  17
20140813  347708  63 S17  16
20140814  347930  20 N11  42
20140814  347930  26 N17  48
20140814  347930 nan nan  23
20140814  348024  12  N6  37
20140814  348024  15  N3  34
20140814  348024  16  N2  33
20140814  348024  18 N13  44
20140814  348024  19 N12  43
20140814  348024  20 N11  42
20140814  348024  21 N10  41
20140814  348024  22  N9  40
20140814  348024  24 N19  50
20140814  348024  25 N18  49
20140814  348024  26 N17  48
20140814  348024  27 N16  47
20140814  348024  28 N15  46
20140814  348024  30 N24  55
20140814  348024  31 N23  54
20140814  348024  32 N22  53
20140814  348024  33 N21  52
20140814  348024  49  S6  30
20140814  348024  50  S5  29
20140814  348024  52  S3  27
20140814  348024  53  S2  26
20140814  348024  55 S13  24
20140814  348024  56 S12  23
20140814  348024  57 S11  22
20140814  348024  58 S10  21
20140814  348024  59  S9  20
20140814  348024  62 S18  17
20140814  348024  63 S17  16
20140814  348024  64 S16  15
20140814  348024  65 S15  14
20140814  348024  68 S23  11
20140814  348024  69 S22  10
20140814  348026  12  N6  37
20140814  348026  13  N5  36
20140814  348026  15  N3  34
20140814  348026  16  N2  33
20140814  348026  17  N1  32
20140814  348026  19 N12  43
20140814  348026  20 N11  42
20140814  348026  21 N10  41
20140814  348026  22  N9  40
20140814  348026  23  N8  39
20140814  348026  25 N18  49
20140814  348026  26 N17  48
20140814  348026  27 N16  47
20140814  348026  28 N15  46
20140814  348026  31 N23  54
20140814  348026  32 N22  53
20140814  348026  33 N21  52
20140814  348026  49  S6  30
20140814  348026  50  S5  29
20140814  348026  52  S3  27
20140814  348026  53  S2  26
20140814  348026  55 S13  24
20140814  348026  56 S12  23
20140814  348026  57 S11  22
20140814  348026  58 S10  21
20140814  348026  59  S9  20
20140814  348026  60  S8  19
20140814  348026  62 S18  17
20140814  348026  63 S17  16
20140814  348026  64 S16  15
20140814  348026  65 S15  14
20140814  348026  68 S23  11
20140814  348026  69 S22  10
20140814  348026  70 S21   9
20140814  348070  31 N23  54
20140814  348070  32 N22  53
20140814  348070  37 N27  58
20140814  348070  69 S22  10
20140814  348070  70 S21   9
20140814  348070  75 S26   5
20140814  348070  80 S30   2
20140814  348070 nan nan   1
20140814  348081  76 S25   4
20140814  348082  76 S25   4
20140814  348085  36 N28  59
20140814  348085  37 N27  58
20140814  348085  42 N31  62
20140815  348336  55 S13  24
20140815  348336  56 S12  23
20140815  348336  61 S19  18
20140815  348336 nan nan  33
20140815  348336 nan nan  40
20140815  348336 nan nan  39
20140815  348336 nan nan  46
20140815  348336 nan nan  45
20140815  348337  43 N30  61
20140815  348357  55 S13  24
20140815  348357  61 S19  18
20140815  348357 nan nan  33
20140815  348357 nan nan  39
20140815  348357 nan nan  40
20140815  348357 nan nan  45
20140815  348357 nan nan  46
20140816  348739  50  S5  29
20140816  348739  56 S12  23
20140816  348739  57 S11  22
20140816  348739  62 S18  17
20140816  348739  63 S17  16
20140816  348740  50  S5  29
20140816  348740  56 S12  23
20140816  348740  57 S11  22
20140816  348740  62 S18  17
20140816  348740  63 S17  16
20140816  348782  55 S13  24
20140816  348782  61 S19  18
20140817  349148  24 N19  50
20140817  349148 nan nan  44
20140817  349256  55 S13  24
20140817  349256  56 S12  23
20140817  349256  61 S19  18
20140817  349256  62 S18  17
20140817  349258  43 N30  61
20140818  349604  42 N31  62
20140818  349604 nan nan  58
20140818  349604 nan nan   1
20140818  349632  24 N19  50
20140818  349632 nan nan  44
20140818  349632 nan nan  43
20140818  349632 nan nan  14
20140818  349632 nan nan  20
20140818  349632 nan nan  27
20140818  349632 nan nan  26
20140818  349661  60  S8  19
20140818  349661  66 S14  13
20140818  349661 nan nan  44
20140818  349661 nan nan  43
20140818  349661 nan nan  50
20140818  349661 nan nan  49
20140818  349678  59  S9  20
20140818  349678  60  S8  19
20140818  349678  65 S15  14
20140818  349678  66 S14  13
20141024  371184  30 N24  55
20141024  371185  30 N24  55
20141024  371186  30 N24  55
20141024  371186  36 N28  59
20141024  371189  30 N24  55
20141024  371190  30 N24  55
20141024  371191  30 N24  55
20141024  371191  36 N28  59
20141206  384641  38 N26  57
20141206  384641  39 N25  56
20141207  385151  55 S13  24
20141207  385151  61 S19  18
20141207  385152  55 S13  24
20141207  385152  61 S19  18
20141207  385153  55 S13  24
20141207  385153  61 S19  18
20141207  385154  55 S13  24
20141207  385154  61 S19  18
20141227  392365  18 N13  44
20141227  392365 nan nan  12
20141227  392371  55 S13  24
20141227  392371  56 S12  23
20141227  392371  61 S19  18
20141227  392371  62 S18  17
20141227  392376  33 N21  52
20141227  392376  34 N20  51
20141227  392376  39 N25  56
20141227  392376 nan nan  31
20141227  392376 nan nan  38
20141227  392376 nan nan  25
20141227  392376 nan nan  32
20141227  392377  26 N17  48
20141227  392377  27 N16  47
20141227  392377  30 N24  55
20141227  392377  31 N23  54
20141227  392377  32 N22  53
20141227  392377  36 N28  59
20141227  392377  37 N27  58
20141227  392377  38 N26  57
20141227  392377  42 N31  62
20141227  392377  43 N30  61
20141227  392377  44 N29  60
20141227  392377  69 S22  10
20141227  392377  70 S21   9
20141227  392377  75 S26   5
20141227  392377  80 S30   2
20141227  392377 nan nan   1
20141227  392380  26 N17  48
20141227  392380  27 N16  47
20141227  392380  31 N23  54
20141227  392380  32 N22  53
20141227  392380  69 S22  10
20141227  392380  70 S21   9
20141227  392380  75 S26   5
20141227  392380  80 S30   2
20141227  392380 nan nan   1
20141227  392381  33 N21  52
20141227  392381  34 N20  51
20141227  392381  39 N25  56
20141227  392381 nan nan  25
20141227  392381 nan nan  32
20141227  392381 nan nan  31
20141227  392381 nan nan  38
20141229  393166  18 N13  44
20141229  393172  12  N6  37
20141229  393172  13  N5  36
20141229  393172  15  N3  34
20141229  393172  16  N2  33
20141229  393172  19 N12  43
20141229  393172  20 N11  42
20141229  393172  21 N10  41
20141229  393172  22  N9  40
20141229  393172  23  N8  39
20141229  393172  25 N18  49
20141229  393172  26 N17  48
20141229  393172  27 N16  47
20141229  393172  28 N15  46
20141229  393172  31 N23  54
20141229  393172  32 N22  53
20141229  393172  33 N21  52
20141229  393172  34 N20  51
20141229  393172  37 N27  58
20141229  393172  38 N26  57
20141229  393172  39 N25  56
20141229  393172  49  S6  30
20141229  393172  50  S5  29
20141229  393172  52  S3  27
20141229  393172  53  S2  26
20141229  393172  56 S12  23
20141229  393172  57 S11  22
20141229  393172  58 S10  21
20141229  393172  59  S9  20
20141229  393172  62 S18  17
20141229  393172  63 S17  16
20141229  393172  64 S16  15
20141229  393172  65 S15  14
20141229  393172  69 S22  10
20141229  393172  70 S21   9
20141229  393172 nan nan  25
20141229  393172 nan nan  32
20141229  393172 nan nan  31
20141229  393172 nan nan  38
20141229  393173  12  N6  37
20141229  393173  13  N5  36
20141229  393173  14  N4  35
20141229  393173  15  N3  34
20141229  393173  16  N2  33
20141229  393173  19 N12  43
20141229  393173  20 N11  42
20141229  393173  21 N10  41
20141229  393173  22  N9  40
20141229  393173  25 N18  49
20141229  393173  26 N17  48
20141229  393173  27 N16  47
20141229  393173  28 N15  46
20141229  393173  31 N23  54
20141229  393173  32 N22  53
20141229  393173  49  S6  30
20141229  393173  50  S5  29
20141229  393173  52  S3  27
20141229  393173  53  S2  26
20141229  393173  56 S12  23
20141229  393173  57 S11  22
20141229  393173  58 S10  21
20141229  393173  59  S9  20
20141229  393173  60  S8  19
20141229  393173  62 S18  17
20141229  393173  63 S17  16
20141229  393173  64 S16  15
20141229  393173  65 S15  14
20141229  393173  68 S23  11
20141229  393173  69 S22  10
20141229  393173  70 S21   9
20141229  393173  74 S27   6
20141229  393173  75 S26   5
20141229  393173  80 S30   2
20141229  393173 nan nan   1
20150109  396431  65 S15  14
20150109  396431  70 S21   9
20150109  396431  71 S20   8
20150109  396431 nan nan   4
20150110  396792  20 N11  42
20150110  396792  21 N10  41
20150110  396792  26 N17  48
20150110  396792  27 N16  47
20150110  396792 nan nan  29
20150110  396792 nan nan  21
20150110  396793  20 N11  42
20150110  396793  21 N10  41
20150110  396793  26 N17  48
20150110  396793  27 N16  47
20150110  396793 nan nan  29
20150110  396793 nan nan  21
20150110  396794  20 N11  42
20150110  396794  21 N10  41
20150110  396794  26 N17  48
20150110  396794  27 N16  47
20150110  396794 nan nan  29
20150110  396795  14  N4  35
20150110  396795  20 N11  42
20150110  396795  21 N10  41
20150110  396795  26 N17  48
20150110  396795  27 N16  47
20150110  396795 nan nan  29
20150110  396796  14  N4  35
20150110  396796  20 N11  42
20150110  396796  21 N10  41
20150110  396796  26 N17  48
20150110  396796  27 N16  47
20150110  396796 nan nan  29
20150110  396797  20 N11  42
20150110  396797  21 N10  41
20150110  396797  26 N17  48
20150110  396797  27 N16  47
20150110  396797 nan nan  29
20150110  396798  20 N11  42
20150110  396798  21 N10  41
20150110  396798  26 N17  48
20150110  396798  27 N16  47
20150110  396798 nan nan  29
20150110  396799  14  N4  35
20150110  396799  20 N11  42
20150110  396799  21 N10  41
20150110  396799  26 N17  48
20150110  396799  27 N16  47
20150110  396799 nan nan  29
20150110  396800  14  N4  35
20150110  396800  20 N11  42
20150110  396800  21 N10  41
20150110  396800  27 N16  47
20150110  396800 nan nan  29
20150110  396801  20 N11  42
20150110  396801  21 N10  41
20150110  396801  27 N16  47
20150110  396801 nan nan  29
20150110  396802  20 N11  42
20150110  396802  21 N10  41
20150110  396802  26 N17  48
20150110  396802  27 N16  47
20150110  396802 nan nan  29
20150110  396803  20 N11  42
20150110  396803  21 N10  41
20150110  396803  26 N17  48
20150110  396803  27 N16  47
20150110  396803 nan nan  29
20150110  396804  20 N11  42
20150110  396804  21 N10  41
20150110  396804  26 N17  48
20150110  396804  27 N16  47
20150110  396804 nan nan  29
20150110  396805  20 N11  42
20150110  396805  21 N10  41
20150110  396805  26 N17  48
20150110  396805  27 N16  47
20150110  396805 nan nan  29
20150110  396806  20 N11  42
20150110  396806  21 N10  41
20150110  396806  26 N17  48
20150110  396806  27 N16  47
20150110  396806 nan nan  29
20150224  414020  54  S1  25
20150224  414021  54  S1  25
20150224  414022  54  S1  25
20150224  414023  54  S1  25
20150224  414036  50  S5  29
20150224  414036 nan nan  30
20150224  414036 nan nan  43
20150224  414036 nan nan  23
20150224  414036 nan nan  27
20150224  414036 nan nan  34
20150224  414036 nan nan  28
20150224  414036 nan nan  35
20150224  414037  49  S6  30
20150224  414037  50  S5  29
20150224  414037  56 S12  23
20150224  414037 nan nan  30
20150224  414037 nan nan  43
20150224  414037 nan nan  23
20150224  414037 nan nan  27
20150224  414037 nan nan  34
20150224  414037 nan nan  28
20150224  414037 nan nan  35
20150224  414039  12  N6  37
20150224  414039  13  N5  36
20150224  414039  49  S6  30
20150224  414039  50  S5  29
20150224  414039  56 S12  23
20150224  414039 nan nan  30
20150224  414039 nan nan  43
20150224  414039 nan nan  23
20150224  414039 nan nan  27
20150224  414039 nan nan  34
20150224  414039 nan nan  28
20150224  414039 nan nan  35
20150225  414895  62 S18  17
20150225  414895  67 S24  12
20150225  414896  62 S18  17
20150225  414896  67 S24  12
20150225  414896  68 S23  11
20150225  414897  62 S18  17
20150225  414897  67 S24  12
20150225  414897  68 S23  11
20150227  416018  48  S7  31
20150227  416018  55 S13  24
20150227  416019  48  S7  31
20150227  416019  55 S13  24
20150227  416020  48  S7  31
20150227  416020  55 S13  24
20150227  416021  48  S7  31
20150227  416021  55 S13  24
20150227  416022  48  S7  31
20150227  416022  55 S13  24
20150302  417565  71 S20   8
20150302  417566  71 S20   8
20150302  417572  80 S30   2
20150303  417934  17  N1  32
20150303  417934  23  N8  39
20150303  417935  17  N1  32
20150303  417935  23  N8  39
20150309  420328 nan nan   4
20150309  420328  80 S30   2
20150309  420328  81 S29   1
20150309  420329  75 S26   5
20150309  420329  76 S25   4
20150309  420329  81 S29   1
20150326  425137  20 N11  42
20150326  425137  26 N17  48
20150327  425369  25 N18  49
20150327  425369  30 N24  55
20150327  425369  31 N23  54
20150327  425427  50  S5  29
20150327  425427  56 S12  23
20150327  425427  57 S11  22
20150327  425429  65 S15  14
20150327  425429  66 S14  13
20150327  425429  71 S20   8
20150328  425606  55 S13  24
20150328  425606  61 S19  18
20150329  426127  63 S17  16
20150329  426127  64 S16  15
20150329  426127  68 S23  11
20150329  426127  69 S22  10
20150329  426253  48  S7  31
20150329  426253  55 S13  24
20150329  426253 nan nan  38
20150329  426253 nan nan  26
20150329  426253 nan nan  33
20150329  426255  70 S21   9
20150329  426255 nan nan  15
20150329  426255 nan nan  14
20150329  426255 nan nan  48
20150329  426255 nan nan  47
20150329  426255 nan nan  53
20150407  430435  20 N11  42
20150407  430435  21 N10  41
20150407  430454  42 N31  62
20150407  430454  43 N30  61
20150407  430454 nan nan  58
20150408  430849  79 S31   3
20150408  430849  80 S30   2
20150409  431185  68 S23  11
20150409  431185  69 S22  10
20150409  431185  74 S27   6
20150409  431211  73 S28   7
20150409  431211 nan nan  12
20150409  431213  44 N29  60
20150409  431298  42 N31  62
20150409  431298 nan nan   1
20150409  431298 nan nan   4
20150410  431621  53  S2  26
20150410  431621  59  S9  20
20150410  431621  60  S8  19
20150410  431621  66 S14  13
20150410  431640  12  N6  37
20150410  431640  13  N5  36
20150410  431640  14  N4  35
20150410  431640  15  N3  34
20150410  431640  16  N2  33
20150410  431640  19 N12  43
20150410  431640  20 N11  42
20150410  431640  21 N10  41
20150410  431640  22  N9  40
20150410  431640  25 N18  49
20150410  431640  26 N17  48
20150410  431640  27 N16  47
20150410  431640  28 N15  46
20150410  431640  30 N24  55
20150410  431640  31 N23  54
20150410  431640  32 N22  53
20150410  431640  33 N21  52
20150410  431640  36 N28  59
20150410  431640  37 N27  58
20150410  431640  38 N26  57
20150410  431640  42 N31  62
20150410  431640  43 N30  61
20150410  431640  49  S6  30
20150410  431640  50  S5  29
20150410  431640  52  S3  27
20150410  431640  53  S2  26
20150410  431640  56 S12  23
20150410  431640  57 S11  22
20150410  431640  58 S10  21
20150410  431640  59  S9  20
20150410  431640  62 S18  17
20150410  431640  63 S17  16
20150410  431640  64 S16  15
20150410  431640  65 S15  14
20150410  431640  68 S23  11
20150410  431640  69 S22  10
20150410  431640  70 S21   9
20150410  431640  74 S27   6
20150410  431640  75 S26   5
20150410  431640 nan nan  28
20150410  431730  30 N24  55
20150410  431730  36 N28  59
20150411  432078  15  N3  34
20150411  432078  21 N10  41
20150411  432078  22  N9  40
20150411  432116  80 S30   2
20150411  432146  71 S20   8
20150411  432146  76 S25   4
20150411  432146 nan nan  14
20150411  432155  43 N30  61
20150411  432155 nan nan   6
20150411  432155 nan nan  57
20150411  432155 nan nan  60
20150411  432155 nan nan  30
20150411  432155 nan nan  29
20150411  432155 nan nan  37
20150411  432155 nan nan  36
20150416  433132  57 S11  22
20150416  433132  63 S17  16
20150416  433132 nan nan  35
20150416  433132 nan nan  42
20150416  433132 nan nan  41
20150416  433133  57 S11  22
20150416  433133  63 S17  16
20150416  433293  20 N11  42
20150416  433293  21 N10  41
20150416  433293  26 N17  48
20150416  433293  27 N16  47
20150416  433293 nan nan  35
20150416  433293 nan nan  28
20150416  433293 nan nan  22
20150416  433293 nan nan  21
20150416  433293 nan nan  56
20150416  433294  20 N11  42
20150416  433294  21 N10  41
20150416  433294 nan nan  48
20150416  433294 nan nan  47
20150416  433304 nan nan  59
20150416  433304 nan nan  62
20150416  433305  12  N6  37
20150416  433305  13  N5  36
20150416  433305  14  N4  35
20150416  433305  15  N3  34
20150416  433305  16  N2  33
20150416  433305  18 N13  44
20150416  433305  19 N12  43
20150416  433305  20 N11  42
20150416  433305  21 N10  41
20150416  433305  22  N9  40
20150416  433305  24 N19  50
20150416  433305  25 N18  49
20150416  433305  26 N17  48
20150416  433305  27 N16  47
20150416  433305  28 N15  46
20150416  433305  30 N24  55
20150416  433305  31 N23  54
20150416  433305  32 N22  53
20150416  433305  33 N21  52
20150416  433305  36 N28  59
20150416  433305  37 N27  58
20150416  433305  38 N26  57
20150416  433305  39 N25  56
20150416  433305  42 N31  62
20150416  433305  43 N30  61
20150416  433305  44 N29  60
20150416  433305  49  S6  30
20150416  433305  50  S5  29
20150416  433305  51  S4  28
20150416  433305  52  S3  27
20150416  433305  53  S2  26
20150416  433305  56 S12  23
20150416  433305  57 S11  22
20150416  433305  58 S10  21
20150416  433305  59  S9  20
20150416  433305  62 S18  17
20150416  433305  63 S17  16
20150416  433305  64 S16  15
20150416  433305  65 S15  14
20150416  433305  68 S23  11
20150416  433305  69 S22  10
20150416  433305  70 S21   9
20150416  433306  12  N6  37
20150416  433306  13  N5  36
20150416  433306  14  N4  35
20150416  433306  15  N3  34
20150416  433306  16  N2  33
20150416  433306  18 N13  44
20150416  433306  19 N12  43
20150416  433306  20 N11  42
20150416  433306  21 N10  41
20150416  433306  22  N9  40
20150416  433306  24 N19  50
20150416  433306  25 N18  49
20150416  433306  26 N17  48
20150416  433306  27 N16  47
20150416  433306  28 N15  46
20150416  433306  30 N24  55
20150416  433306  31 N23  54
20150416  433306  32 N22  53
20150416  433306  33 N21  52
20150416  433306  34 N20  51
20150416  433306  36 N28  59
20150416  433306  37 N27  58
20150416  433306  38 N26  57
20150416  433306  39 N25  56
20150416  433306  42 N31  62
20150416  433306  43 N30  61
20150416  433306  44 N29  60
20150416  433306  49  S6  30
20150416  433306  50  S5  29
20150416  433306  51  S4  28
20150416  433306  52  S3  27
20150416  433306  53  S2  26
20150416  433306  56 S12  23
20150416  433306  57 S11  22
20150416  433306  58 S10  21
20150416  433306  59  S9  20
20150416  433306  62 S18  17
20150416  433306  63 S17  16
20150416  433306  64 S16  15
20150416  433306  65 S15  14
20150416  433306  68 S23  11
20150416  433306  69 S22  10
20150416  433306  70 S21   9
20150416  433306  74 S27   6
20150416  433306  75 S26   5
20150416  433426  13  N5  36
20150416  433426  19 N12  43
20150416  433427  13  N5  36
20150416  433427  19 N12  43
20150426  437822  13  N5  36
20150426  437822  14  N4  35
20150426  437822 nan nan  34
20150426  437822 nan nan  28
20150426  437822 nan nan  22
20150426  437822 nan nan  21
20150426  437822 nan nan  16
20150426  437823  13  N5  36
20150426  437823  14  N4  35
20150426  437823 nan nan  34
20150426  437823 nan nan  28
20150426  437823 nan nan  22
20150426  437823 nan nan  21
20150426  437823 nan nan  16
20150518  438400  66 S14  13
20150518  438400  71 S20   8
20150518  438401  66 S14  13
20150518  438401  71 S20   8
20150518  438402  66 S14  13
20150518  438402  71 S20   8
20150518  438403  66 S14  13
20150518  438403  71 S20   8
20150526  442646  52  S3  27
20150526  442646  58 S10  21
20150526  442646  59  S9  20
20150526  442647  52  S3  27
20150526  442647  58 S10  21
20150526  442647  59  S9  20
20150526  442648  52  S3  27
20150527  443017  52  S3  27
20150527  443018  52  S3  27
20150527  443018  58 S10  21
20150527  443018  59  S9  20
20150527  443019  52  S3  27
20150527  443019  58 S10  21
20150527  443019  59  S9  20
20150603  445983  51  S4  28
20150603  445983  57 S11  22
20150603  445983  58 S10  21
20150603  445983  63 S17  16
20150603  445983  64 S16  15
20150603  445984  38 N26  57
20150603  445984  43 N30  61
20150603  445984  44 N29  60
20150603  445984 nan nan  6
20150605  446869  30 N24  55
20150605  446869 nan nan  49
20150605  446869 nan nan  50
20150605  446869 nan nan  50
20150605  446870  65 S15  14
20150605  446870  66 S14  13
20150605  446870  71 S20   8
20150605  446870 nan nan  20
20150605  446871  60  S8  19
20150605  446871  66 S14  13
20150605  446871 nan nan  20
20150605  446890  36 N28  59
20150605  446890  37 N27  58
20150605  446890  42 N31  62
20150605  446891  37 N27  58
20150605  446891  42 N31  62
20150605  446891  43 N30  61
20150605  446914  11  N7  38
20150605  446918 nan nan   4
20150605  446992  22  N9  40
20150605  446992  23  N8  39
20150605  446992  28 N15  46
20150605  446992  29 N14  45
20150605  446993  22  N9  40
20150605  446993  23  N8  39
20150605  446993  28 N15  46
20150605  446993  29 N14  45
20150605  446994  23  N8  39
20150605  446994  29 N14  45
20150606  447185  55 S13  24
20150606  447185  61 S19  18
20150606  447186  48  S7  31
20150606  447186  49  S6  30
20150606  447186  55 S13  24
20150606  447206  26 N17  48
20150606  447206  31 N23  54
20150606  447206  32 N22  53
20150606  447206  37 N27  58
20150606  447207  26 N17  48
20150606  447207  27 N16  47
20150606  447207  32 N22  53
20150606  447207  37 N27  58
20150606  447207  38 N26  57
20150606  447211  80 S30   2
20150606  447212 nan nan   1
20150606  447212  80 S30   2
20150606  447237  37 N27  58
20150606  447237  42 N31  62
20150608  448003  30 N24  55
20150608  448003 nan nan  49
20150608  448003 nan nan  50
20150608  448003 nan nan  14
20150608  448004  65 S15  14
20150608  448004  66 S14  13
20150608  448004  71 S20   8
20150608  448005  65 S15  14
20150608  448005  66 S14  13
20150608  448005  71 S20   8
20150608  448006  60  S8  19
20150608  448006  66 S14  13
20150608  448023  31 N23  54
20150608  448023  36 N28  59
20150608  448023  37 N27  58
20150608  448023  42 N31  62
20150608  448024  37 N27  58
20150608  448024  38 N26  57
20150608  448024  42 N31  62
20150608  448024  43 N30  61
20150608  448024 nan nan  53
20150608  448024 nan nan  10
20150608  448024 nan nan  16
20150608  448024 nan nan  15
20150608  448046  11  N7  38
20150608  448046  18 N13  44
20150608  448046  48  S7  31
20150608  448046 nan nan  19
20150608  448046 nan nan  25
20150608  448047  22  N9  40
20150608  448048  22  N9  40
20150608  448048  23  N8  39
20150608  448048  28 N15  46
20150608  448048  29 N14  45
20150608  448049  76 S25   4
20150608  448049  80 S30   2
20150608  448049  81 S29   1
20150608  448050  75 S26   5
20150608  448050  76 S25   4
20150608  448050  81 S29   1
20150608  448055  52  S3  27
20150608  448055  53  S2  26
20150608  448055  59  S9  20
20150608  448056  53  S2  26
20150609  448371  26 N17  48
20150609  448371  31 N23  54
20150609  448371  32 N22  53
20150609  448371  37 N27  58
20150609  448371  51  S4  28
20150609  448371  57 S11  22
20150609  448371  58 S10  21
20150609  448371  63 S17  16
20150609  448371  64 S16  15
20150609  448372  32 N22  53
20150609  448372  37 N27  58
20150609  448372  38 N26  57
20150609  448372  57 S11  22
20150609  448372  58 S10  21
20150609  448372  63 S17  16
20150609  448372  64 S16  15
20150612  449065  38 N26  57
20150612  449065  43 N30  61
20150612  449065 nan nan  58
20150612  449065 nan nan  53
20150612  449066  38 N26  57
20150612  449066  43 N30  61
20150612  449066  44 N29  60
20150612  449067  38 N26  57
20150612  449067  43 N30  61
20150612  449067  44 N29  60
20150615  450032  38 N26  57
20150615  450032  43 N30  61
20150615  450032 nan nan  53
20150615  450033  38 N26  57
20150615  450033  43 N30  61
20150615  450033  44 N29  60
20150615  450034  38 N26  57
20150615  450034  43 N30  61
20150615  450034  44 N29  60
20150619  452216  12  N6  37
20150619  452216  14  N4  35
20150619  452216  15  N3  34
20150619  452216  16  N2  33
20150619  452216  17  N1  32
20150619  452216  21 N10  41
20150619  452216  22  N9  40
20150619  452216  23  N8  39
20150619  452216  28 N15  46
20150619  452216  29 N14  45
20150619  452216  49  S6  30
20150619  452216  50  S5  29
20150619  452216  52  S3  27
20150619  452216  53  S2  26
20150619  452216  54  S1  25
20150619  452216  55 S13  24
20150619  452216  56 S12  23
20150619  452216  59  S9  20
20150619  452216  60  S8  19
20150619  452217  12  N6  37
20150619  452217  14  N4  35
20150619  452217  15  N3  34
20150619  452217  16  N2  33
20150619  452217  17  N1  32
20150619  452217  21 N10  41
20150619  452217  22  N9  40
20150619  452217  23  N8  39
20150619  452217  28 N15  46
20150619  452217  29 N14  45
20150619  452217  49  S6  30
20150619  452217  50  S5  29
20150619  452217  52  S3  27
20150619  452217  53  S2  26
20150619  452217  54  S1  25
20150619  452217  55 S13  24
20150619  452217  56 S12  23
20150619  452217  59  S9  20
20150619  452217  60  S8  19
20150619  452222  80 S30   2
20150619  452222  81 S29   1
20150619  452222 nan nan  59
20150619  452223  80 S30   2
20150619  452223  81 S29   1
20150619  452223 nan nan  59
20150707  454845  51  S4  28
20150707  454845  57 S11  22
20150707  454845  58 S10  21
20150707  454845  63 S17  16
20150707  454845  64 S16  15
20150707  454867  51  S4  28
20150707  454867  57 S11  22
20150707  454867  58 S10  21
20150707  454867  63 S17  16
20150707  454867  64 S16  15
20150707  454888  38 N26  57
20150707  454888  43 N30  61
20150707  454888  44 N29  60
20150707  454888 nan nan   6
20150707  454951  71 S20   8
20150707  454952  71 S20   8
20150707  454953  71 S20   8
20150707  454957  71 S20   8
20150707  454958  71 S20   8
20150707  454959  71 S20   8
20150718  457826  22  N9  40
20150718  457826  23  N8  39
20150718  457826  28 N15  46
20150718  457826  29 N14  45
20150718  457827  23  N8  39
20150718  457827  29 N14  45
20150718  457827  34 N20  51
20150718  457827 nan nan  40
20150718  457827 nan nan  46
20150718  457827 nan nan  17
20150718  457827 nan nan  23
20150718  457827 nan nan  30
20150724  459742  71 S20   8
20150724  459743  71 S20   8
20150724  459744  71 S20   8
20150724  459745  71 S20   8
20150801  460365  51  S4  28
20150801  460365  57 S11  22
20150801  460365  58 S10  21
20150801  460365  63 S17  16
20150801  460365  64 S16  15
20150801  460368 nan nan   6
20150801  460368  38 N26  57
20150801  460368  43 N30  61
20150801  460368  44 N29  60
# DECADE Addition
20150217  411273 nan nan  52
20150217  411273 nan nan  51
20150217  411273 nan nan  46
20150411  431992 nan nan  51
20150411  431992 nan nan  46
20150411  432082 nan nan  17
20150411  432082 nan nan  18
20150411  432082 nan nan  23
20150411  432082 nan nan  24
20141023  370963 nan nan  49
20141023  370963 nan nan  55
20141023  370964 nan nan  49
20141023  370964 nan nan  55
20141023  370987 nan nan  49
20141023  370987 nan nan  55
20141024  371179 nan nan  49
20141024  371179 nan nan  55
20141024  371180 nan nan  49
20141024  371180 nan nan  50
20141024  371180 nan nan  55
20141024  371180 nan nan  59
20141024  371181 nan nan  49
20141024  371181 nan nan  50
20141024  371181 nan nan  55
20141024  371181 nan nan  59
20140925  362379 nan nan   8
20140925  362379 nan nan   9
20140925  362379 nan nan  10
20140925  362379 nan nan  11
20140925  362379 nan nan  13
20140925  362379 nan nan  14
20140925  362379 nan nan  15
20140925  362379 nan nan  16
20140925  362379 nan nan  17
20140925  362379 nan nan  19
20140925  362379 nan nan  20
20140925  362379 nan nan  21
20140925  362379 nan nan  22
20140925  362379 nan nan  23
20140925  362379 nan nan  26
20140925  362379 nan nan  28
20140925  362379 nan nan  29
20140925  362379 nan nan  33
20140925  362379 nan nan  34
20140925  362379 nan nan  35
20140925  362379 nan nan  36
20140925  362379 nan nan  40
20140925  362379 nan nan  41
20140925  362379 nan nan  42
20140925  362379 nan nan  43
20140925  362379 nan nan  46
20140925  362379 nan nan  47
20140925  362379 nan nan  48
20140925  362379 nan nan  49
20140925  362379 nan nan  50
20140925  362379 nan nan  55
20140925  362379 nan nan  59
20141020  369817 nan nan   6
20141020  369817 nan nan   7
20141020  369817 nan nan   9
20141020  369817 nan nan  10
20141020  369817 nan nan  11
20141020  369817 nan nan  12
20141020  369817 nan nan  14
20141020  369817 nan nan  15
20141020  369817 nan nan  16
20141020  369817 nan nan  17
20141020  369817 nan nan  20
20141020  369817 nan nan  21
20141020  369817 nan nan  22
20141020  369817 nan nan  23
20141020  369817 nan nan  26
20141020  369817 nan nan  27
20141020  369817 nan nan  28
20141020  369817 nan nan  29
20141020  369817 nan nan  30
20141020  369817 nan nan  33
20141020  369817 nan nan  34
20141020  369817 nan nan  35
20141020  369817 nan nan  36
20141020  369817 nan nan  37
20141020  369817 nan nan  40
20141020  369817 nan nan  41
20141020  369817 nan nan  42
20141020  369817 nan nan  43
20141020  369817 nan nan  47
20141020  369817 nan nan  48
20141020  369817 nan nan  49
# Dome Light?
20141208  385572 nan nan  8
20141208  385573 nan nan  8
20141208  385618 nan nan  8
20141208  385618 nan nan  14
20141208  385619 nan nan  8
20141208  385619 nan nan  14
20141208  385620 nan nan  8
20141208  385620 nan nan  14
20141208  385621 nan nan  8
20141208  385621 nan nan  14
20141208  385624 nan nan  8
20141208  385624 nan nan  14
20141208  385625 nan nan  8
20141208  385625 nan nan  14
20141208  385659 nan nan  8
20141208  385659 nan nan  14
# Ghost
20140813  347763 nan nan  40
20141130  383276  81 S29   1
20141130  383277  81 S29   1
20141221  390266  76 S25   4
20141221  390266  81 S29   1
20150211  409110  76 S25   4
20150211  409110  81 S29   1
20140817  349345 nan nan  10
20140817  349345 nan nan  19
20140817  349345 nan nan  44
20140817  349345 nan nan  50
20140817  349345 nan nan  38
20140818  349818 nan nan  3
20140818  349818 nan nan  6
20140818  349829 nan nan  25
20140818  349830 nan nan  25
20140818  349838 nan nan  27
20140818  349839 nan nan  27
20140819  350182 nan nan  11
20140819  350182 nan nan  17
20140819  350183 nan nan  9
20140819  350183 nan nan  15
20140819  350184 nan nan  23
20140819  350185 nan nan  23
20140819  350205 nan nan  40
20140819  350205 nan nan  46
20140820  350913 nan nan  29
20140820  350913 nan nan  36
20140824  351751 nan nan  8
20140824  351751 nan nan  14
20140824  351751 nan nan  36
20140824  351751 nan nan  42
20140824  351751 nan nan  43
20140824  351751 nan nan  48
20140824  351751 nan nan  49
20140915  359659 nan nan  27
20140915  359659 nan nan  34
20140919  360679 nan nan  23
20140919  361721 nan nan  3
20140923  361721 nan nan  30
20140923  361721 nan nan  37
20140923  361721 nan nan  57
20140919  361721 nan nan  60
20140919  361722 nan nan  3
20140923  361722 nan nan  30
20140923  361722 nan nan  37
20140923  361722 nan nan  57
20140919  361722 nan nan  60
20140919  361722 nan nan  3
20140925  362325 nan nan  6
20140925  362325 nan nan  35
20140925  362347 nan nan  15
20140925  362347 nan nan  24
20140925  362441 nan nan  40
20140925  362441 nan nan  46
20140925  362442 nan nan  40
20140925  362442 nan nan  46
20140926  362831 nan nan  32
20140926  362831 nan nan  44
20140926  362831 nan nan  39
20140926  362831 nan nan  45
20140926  362920 nan nan  6
20140926  362920 nan nan  10
20140926  362920 nan nan  11
20140926  362920 nan nan  18
20140926  362920 nan nan  39
20140926  362920 nan nan  45
20140926  362920 nan nan  60
20140926  362921 nan nan  6
20140926  362921 nan nan  10
20140926  362921 nan nan  11
20140926  362921 nan nan  18
20140926  362921 nan nan  39
20140926  362921 nan nan  45
20140926  362921 nan nan  60
20140926  362935 nan nan  30
20140926  362935 nan nan  37
20140930  364334 nan nan  25
20140930  364334 nan nan  31
20140930  364334 nan nan  32
20141002  365157 nan nan  8
20141002  365157 nan nan  14
20141002  365157 nan nan  42
20141002  365157 nan nan  43
20141002  365157 nan nan  48
20141002  365157 nan nan  49
20141012  367164 nan nan  49
20141012  367164 nan nan  54
20141012  367164 nan nan  55
20141020  369848 nan nan  14
20141020  369848 nan nan  36
20141020  369849 nan nan  14
20141020  369849 nan nan  36
20141020  369855 nan nan  5
20141020  369855 nan nan  9
20141020  369855 nan nan  10
20141020  369872 nan nan  5
20141020  369872 nan nan  9
20141020  369872 nan nan  10
20141020  369935 nan nan  8
20141020  369935 nan nan  14
20141020  369936 nan nan  8
20141020  369936 nan nan  14
20141021  370245 nan nan  23
20141021  370333 nan nan  3
20141021  370333 nan nan  7
20141022  370613 nan nan  1
20141022  370613 nan nan  62
20141022  370613 nan nan  29
20141022  370613 nan nan  36
20141022  370666 nan nan  5
20141022  370666 nan nan  9
20141022  370666 nan nan  10
20141023  370965 nan nan  8
20141023  370965 nan nan  9
20141023  370965 nan nan  14
20141023  370965 nan nan  49
20141023  370965 nan nan  54
20141023  370965 nan nan  55
20141023  370965 nan nan  59
20141023  370969 nan nan  55
20141023  370969 nan nan  59
20141023  370973 nan nan  19
20141023  370973 nan nan  55
20141023  370979 nan nan  19
20141023  370979 nan nan  54
20141023  370979 nan nan  55
20141023  370980 nan nan  55
20141023  370986 nan nan  8
20141023  370986 nan nan  19
20141023  370986 nan nan  49
20141023  370986 nan nan  55
20141023  370986 nan nan  59
20141024  371182 nan nan  8
20141024  371182 nan nan  9
20141024  371182 nan nan  14
20141024  371182 nan nan  49
20141024  371182 nan nan  54
20141024  371182 nan nan  55
20141024  371182 nan nan  59
20141024  371183 nan nan  49
20141024  371183 nan nan  55
20141024  371183 nan nan  59
20141026  371701 nan nan  32
20141026  371701 nan nan  45
20141026  371823 nan nan  3
20141026  371823 nan nan  60
20141027  372070 nan nan  1
20141027  372070 nan nan  62
20141027  372071 nan nan  1
20141027  372071 nan nan  62
20141027  372142 nan nan  5
20141027  372142 nan nan  9
20141027  372142 nan nan  10
20141028  372542 nan nan  4
20141028  372542 nan nan  8
20141028  372542 nan nan  55
20141028  372542 nan nan  59
20141113  377328 nan nan  4
20141113  377328 nan nan  8
20141113  377328 nan nan  59
20141113  377334 nan nan  19
20141113  377334 nan nan  38
20141113  377334 nan nan  44
20141113  377334 nan nan  50
20141117  378906 nan nan  54
20141117  378906 nan nan  58
20141117  378906 nan nan  59
20141117  378907 nan nan  54
20141117  378907 nan nan  58
20141120  379983 nan nan  19
20141120  379983 nan nan  25
20141120  379983 nan nan  26
20141120  379983 nan nan  27
20141120  379984 nan nan  19
20141120  379984 nan nan  25
20141120  379984 nan nan  26
20141120  379984 nan nan  27
20141120  380081 nan nan  3
20141120  380081 nan nan  57
20141120  380081 nan nan  60
20141211  386678 nan nan  17
20141212  387035 nan nan  17
20141213  387519 nan nan  16
20141214  387780 nan nan  25
20141214  387780 nan nan  31
20141214  387780 nan nan  32
20141214  387873 nan nan  3
20141214  387873 nan nan  60
20150119  400836 nan nan  43
20150119  400839 nan nan  34
20150210  408722 nan nan  51
20150210  408722 nan nan  52
20150210  408722 nan nan  56
20150211  409049 nan nan  46
20150211  409049 nan nan  47
20150211  409049 nan nan  52
20150215  410583 nan nan  7
20150215  410583 nan nan  56
20150718  457844 nan nan  6
20150718  457844 nan nan  10
20150718  457845 nan nan  1
20150718  457845 nan nan  4
20150718  457845 nan nan  5
20150718  457845 nan nan  10
20150718  457845 nan nan  15
### DES Y2 ###
20140816  348822  37 N27  58
20140816  348822  38 N26  57
20140816  348824  65 S15  14
20140816  348824  71 S20   8
20140816  348833  17  N1  32
20140816  348833  23  N8  39
20140816  348833  29 N14  45
20140816  348833  34 N20  51
20140816  348833  54  S1  25
20140816  348833  55 S13  24
20140816  348833  61 S19  18
20140816  348834  11  N7  38
20140816  348834  12  N6  37
20140816  348834  13  N5  36
20140816  348834  14  N4  35
20140816  348834  15  N3  34
20140816  348834  16  N2  33
20140816  348834  18 N13  44
20140816  348834  19 N12  43
20140816  348834  20 N11  42
20140816  348834  21 N10  41
20140816  348834  22  N9  40
20140816  348834  23  N8  39
20140816  348834  24 N19  50
20140816  348834  25 N18  49
20140816  348834  26 N17  48
20140816  348834  27 N16  47
20140816  348834  28 N15  46
20140816  348834  30 N24  55
20140816  348834  31 N23  54
20140816  348834  32 N22  53
20140816  348834  33 N21  52
20140816  348834  36 N28  59
20140816  348834  37 N27  58
20140816  348834  48  S7  31
20140816  348834  49  S6  30
20140816  348834  50  S5  29
20140816  348834  51  S4  28
20140816  348834  52  S3  27
20140816  348834  53  S2  26
20140816  348834  55 S13  24
20140816  348834  56 S12  23
20140816  348834  57 S11  22
20140816  348834  58 S10  21
20140816  348834  59  S9  20
20140816  348834  60  S8  19
20140816  348834  61 S19  18
20140816  348834  62 S18  17
20140816  348834  63 S17  16
20140816  348834  64 S16  15
20140816  348834  65 S15  14
20140816  348834  68 S23  11
20140816  348834  69 S22  10
20140816  348834  70 S21   9
20140816  348835  13  N5  36
20140816  348835  14  N4  35
20140816  348835  19 N12  43
20140816  348835  20 N11  42
20140816  348835  50  S5  29
20140816  348835  53  S2  26
20140816  348835  59  S9  20
20140816  348835  60  S8  19
20140816  348836  13  N5  36
20140816  348836  14  N4  35
20140816  348836  15  N3  34
20140816  348836  16  N2  33
20140816  348836  19 N12  43
20140816  348836  20 N11  42
20140816  348836  21 N10  41
20140816  348836  22  N9  40
20140816  348836  23  N8  39
20140816  348836  25 N18  49
20140816  348836  26 N17  48
20140816  348836  27 N16  47
20140816  348836  28 N15  46
20140816  348836  31 N23  54
20140816  348836  32 N22  53
20140816  348836  33 N21  52
20140816  348836  34 N20  51
20140816  348836  38 N26  57
20140816  348836  39 N25  56
20140816  348836  48  S7  31
20140816  348836  49  S6  30
20140816  348836  50  S5  29
20140816  348836  51  S4  28
20140816  348836  52  S3  27
20140816  348836  53  S2  26
20140816  348836  55 S13  24
20140816  348836  56 S12  23
20140816  348836  57 S11  22
20140816  348836  58 S10  21
20140816  348836  59  S9  20
20140816  348836  61 S19  18
20140816  348836  62 S18  17
20140816  348836  63 S17  16
20140816  348836  64 S16  15
20140816  348836  65 S15  14
20140816  348836  67 S24  12
20140816  348836  68 S23  11
20140816  348836  69 S22  10
20140816  348836  73 S28   7
20140816  348836  74 S27   6
20140816  348836  79 S31   3
20140816  348836  80 S30   2
20140816  348957  69 S22  10
20140816  348957  74 S27   6
20140816  348957  75 S26   5
20140817  349309  28 N15  46
20140817  349309  33 N21  52
20140817  349309  34 N20  51
20140817  349309  39 N25  56
20140818  349892  30 N24  55
20140818  349893  30 N24  55
20140818  349894  30 N24  55
20140819  350142  36 N28  59
20140819  350142  37 N27  58
20140819  350142  42 N31  62
20140819  350148  55 S13  24
20140819  350148  61 S19  18
20140819  350246  12  N6  37
20140819  350247  67 S24  12
20140819  350247  73 S28   7
20140821  350873  28 N15  46
20140821  350873  29 N14  45
20140821  350873  34 N20  51
20140822  351207  13  N5  36
20140822  351207  14  N4  35
20140822  351207  15  N3  34
20140822  351207  20 N11  42
20140822  351207  21 N10  41
20140822  351207  51  S4  28
20140822  351207  57 S11  22
20140822  351207  58 S10  21
20140822  351241  58 S10  21
20140822  351241  59  S9  20
20140828  352777  73 S28   7
20140828  352784  36 N28  59
20140828  352824  67 S24  12
20140828  352824  73 S28   7
20140828  352832  67 S24  12
20140828  352832  73 S28   7
20140828  352902  16  N2  33
20140828  352902  17  N1  32
20140828  352902  23  N8  39
20140829  353141  73 S28   7
20140830  353510  21 N10  41
20140902  354875  67 S24  12
20140902  354875  73 S28   7
20140902  354951  27 N16  47
20140902  354951  32 N22  53
20140902  354958  17  N1  32
20140902  354958  23  N8  39
20140902  354958  29 N14  45
20140902  354958  55 S13  24
20140902  354958  61 S19  18
20140902  355041  64 S16  15
20140902  355041  70 S21   9
20140902  355041  75 S26   5
20140902  355041  76 S25   4
20140903  355320  60  S8  19
20140903  355320  66 S14  13
20140903  355326  62 S18  17
20140903  355326  63 S17  16
20140903  355326  67 S24  12
20140903  355326  68 S23  11
20140903  355326  73 S28   7
20140905  356230  79 S31   3
20140905  356230  80 S30   2
20140905  356231  79 S31   3
20140905  356231  80 S30   2
20140911  358378  73 S28   7
20140911  358392  21 N10  41
20140911  358393  21 N10  41
20140911  358468  58 S10  21
20140911  358468  59  S9  20
20140914  359132  36 N28  59
20140914  359202  17  N1  32
20140915  359540  21 N10  41
20140915  359599  51  S4  28
20140915  359600  32 N22  53
20140915  359600  37 N27  58
20140915  359600  38 N26  57
20140915  359600  43 N30  61
20140915  359600  57 S11  22
20140915  359600  58 S10  21
20140915  359600  63 S17  16
20140915  359600  64 S16  15
20140915  359600  69 S22  10
20140915  359601  37 N27  58
20140915  359601  42 N31  62
20140915  359712  11  N7  38
20140915  359712  48  S7  31
20140915  359736  55 S13  24
20140915  359736  56 S12  23
20140915  359736  61 S19  18
20140915  359736  62 S18  17
20140915  359741  69 S22  10
20140915  359741  74 S27   6
20140915  359741  79 S31   3
20140915  359741  80 S30   2
20140915  359768  58 S10  21
20140919  360513  36 N28  59
20140919  360575  75 S26   5
20140919  360684  70 S21   9
20140919  360684  75 S26   5
20140919  360684  76 S25   4
20140919  360685  64 S16  15
20140919  360685  70 S21   9
20140919  360685  75 S26   5
20140919  360685  76 S25   4
20140919  360687  64 S16  15
20140919  360687  70 S21   9
20140919  360687  75 S26   5
20140919  360687  76 S25   4
20140919  360688  79 S31   3
20140919  360688  80 S30   2
20140919  360711  67 S24  12
20140922  361304  79 S31   3
20140922  361304  80 S30   2
20140922  361306  69 S22  10
20140922  361306  74 S27   6
20140922  361306  79 S31   3
20140922  361306  80 S30   2
20140922  361334  13  N5  36
20140922  361334  19 N12  43
20140922  361334  20 N11  42
20140923  361578  18 N13  44
20140923  361578  24 N19  50
20140923  361578  30 N24  55
20140923  361578  53  S2  26
20140923  361578  59  S9  20
20140923  361578  60  S8  19
20140923  361578  65 S15  14
20140923  361600  22  N9  40
20140923  361656  23  N8  39
20140923  361656  29 N14  45
20140923  361656  34 N20  51
20140923  361656  61 S19  18
20140923  361667  67 S24  12
20140923  361667  68 S23  11
20140923  361667  73 S28   7
20140923  361692  55 S13  24
20140923  361692  56 S12  23
20140923  361692  61 S19  18
20140923  361692  62 S18  17
20140924  361965  37 N27  58
20140924  361965  42 N31  62
20140924  361969  13  N5  36
20140924  361969  14  N4  35
20140924  361969  15  N3  34
20140924  361969  20 N11  42
20140924  361969  21 N10  41
20140924  361969  51  S4  28
20140924  361969  57 S11  22
20140924  361969  58 S10  21
20140925  362377  71 S20   8
20140925  362379  24 N19  50
20140925  362379  30 N24  55
20140925  362379  36 N28  59
20140925  362379  71 S20   8
20140925  362384  68 S23  11
20140925  362488  39 N25  56
20140925  362488  44 N29  60
20140926  362790  68 S23  11
20140926  362790  69 S22  10
20140926  362790  74 S27   6
20140926  362812  26 N17  48
20140926  362812  27 N16  47
20140926  362812  32 N22  53
20140926  362812  37 N27  58
20140926  362812  38 N26  57
20140926  362812  43 N30  61
20140926  362813  24 N19  50
20140926  362836  48  S7  31
20140926  362836  55 S13  24
20140926  362941  79 S31   3
20140926  362941  80 S30   2
20140926  362942  69 S22  10
20140926  362942  74 S27   6
20140926  362942  79 S31   3
20140926  362942  80 S30   2
20140926  362943  69 S22  10
20140926  362943  74 S27   6
20140926  362943  79 S31   3
20140926  362943  80 S30   2
20140926  362963  13  N5  36
20140926  362963  19 N12  43
20140926  362963  20 N11  42
20140929  363781  11  N7  38
20140929  363781  18 N13  44
20140929  363788  15  N3  34
20140929  363909  11  N7  38
20140929  363909  48  S7  31
20140929  363955  58 S10  21
20140929  363972  14  N4  35
20140929  363972  20 N11  42
20140930  364175  53  S2  26
20140930  364175  54  S1  25
20140930  364175  60  S8  19
20140930  364175  66 S14  13
20140930  364228  11  N7  38
20140930  364228  48  S7  31
20140930  364228  55 S13  24
20140930  364239  12  N6  37
20140930  364239  13  N5  36
20140930  364239  14  N4  35
20140930  364239  15  N3  34
20140930  364239  16  N2  33
20140930  364239  17  N1  32
20140930  364239  19 N12  43
20140930  364239  20 N11  42
20140930  364239  21 N10  41
20140930  364239  22  N9  40
20140930  364239  25 N18  49
20140930  364239  26 N17  48
20140930  364239  27 N16  47
20140930  364239  28 N15  46
20140930  364239  31 N23  54
20140930  364239  32 N22  53
20140930  364239  33 N21  52
20140930  364239  37 N27  58
20140930  364239  49  S6  30
20140930  364239  50  S5  29
20140930  364239  51  S4  28
20140930  364239  52  S3  27
20140930  364239  53  S2  26
20140930  364239  54  S1  25
20140930  364239  56 S12  23
20140930  364239  57 S11  22
20140930  364239  58 S10  21
20140930  364239  59  S9  20
20140930  364239  60  S8  19
20140930  364239  62 S18  17
20140930  364239  63 S17  16
20140930  364239  64 S16  15
20140930  364239  65 S15  14
20140930  364239  66 S14  13
20140930  364239  68 S23  11
20140930  364239  69 S22  10
20140930  364239  70 S21   9
20140930  364239  71 S20   8
20140930  364239  74 S27   6
20140930  364239  75 S26   5
20140930  364239  76 S25   4
20140930  364239  80 S30   2
20140930  364239  81 S29   1
20140930  364344  34 N20  51
20141001  364590  67 S24  12
20141001  364590  73 S28   7
20141001  364591  62 S18  17
20141001  364591  67 S24  12
20141001  364591  73 S28   7
20141001  364624  27 N16  47
20141001  364624  32 N22  53
20141002  364943  51  S4  28
20141002  364960  68 S23  11
20141002  364960  69 S22  10
20141002  364960  74 S27   6
20141002  364982  48  S7  31
20141002  364982  55 S13  24
20141002  365146  44 N29  60
20141013  367485  24 N19  50
20141013  367486  51  S4  28
20141013  367486  57 S11  22
20141013  367486  58 S10  21
20141013  367554  63 S17  16
20141013  367554  68 S23  11
20141013  367554  69 S22  10
20141014  367911  60  S8  19
20141014  367911  66 S14  13
20141015  368147  60  S8  19
20141015  368147  66 S14  13
20141019  369375  13  N5  36
20141019  369375  14  N4  35
20141019  369375  20 N11  42
20141019  369376  13  N5  36
20141019  369376  14  N4  35
20141019  369376  20 N11  42
20141020  369820  26 N17  48
20141020  369820  27 N16  47
20141020  369820  32 N22  53
20141020  369820  37 N27  58
20141020  369820  38 N26  57
20141020  369820  43 N30  61
20141020  369898  44 N29  60
20141021  370157  75 S26   5
20141021  370316  73 S28   7
20141021  370325  39 N25  56
20141021  370325  44 N29  60
20141022  370518  60  S8  19
20141022  370518  66 S14  13
20141022  370519  68 S23  11
20141022  370519  69 S22  10
20141022  370519  74 S27   6
20141022  370577  37 N27  58
20141022  370577  42 N31  62
20141022  370604  58 S10  21
20141022  370604  59  S9  20
20141022  370608  37 N27  58
20141022  370608  38 N26  57
20141022  370703  29 N14  45
20141022  370703  34 N20  51
20141022  370703  55 S13  24
20141022  370703  56 S12  23
20141022  370703  61 S19  18
20141022  370703  62 S18  17
20141022  370703  67 S24  12
20141022  370703  68 S23  11
20141022  370704  58 S10  21
20141022  370704  64 S16  15
20141026  371622  57 S11  22
20141026  371622  58 S10  21
20141026  371622  63 S17  16
20141026  371622  64 S16  15
20141026  371629  67 S24  12
20141026  371629  73 S28   7
20141026  371635  51  S4  28
20141026  371635  52  S3  27
20141026  371635  58 S10  21
20141026  371635  59  S9  20
20141026  371635  64 S16  15
20141026  371635  65 S15  14
20141026  371663  18 N13  44
20141026  371663  19 N12  43
20141026  371663  24 N19  50
20141026  371663  25 N18  49
20141026  371663  30 N24  55
20141026  371756  13  N5  36
20141026  371756  14  N4  35
20141026  371756  20 N11  42
20141026  371756  21 N10  41
20141026  371756  51  S4  28
20141026  371756  58 S10  21
20141026  371756  64 S16  15
20141027  372028  13  N5  36
20141027  372028  20 N11  42
20141027  372036  51  S4  28
20141027  372036  52  S3  27
20141027  372036  58 S10  21
20141027  372036  59  S9  20
20141027  372036  64 S16  15
20141027  372036  65 S15  14
20141027  372037  51  S4  28
20141027  372037  52  S3  27
20141027  372037  58 S10  21
20141027  372037  59  S9  20
20141027  372038  42 N31  62
20141027  372073  68 S23  11
20141027  372073  73 S28   7
20141027  372246  15  N3  34
20141027  372246  16  N2  33
20141027  372246  52  S3  27
20141028  372424  69 S22  10
20141028  372424  74 S27   6
20141028  372424  75 S26   5
20141028  372435  15  N3  34
20141028  372435  16  N2  33
20141028  372435  22  N9  40
20141028  372435  23  N8  39
20141028  372435  28 N15  46
20141028  372462  61 S19  18
20141028  372462  62 S18  17
20141028  372462  67 S24  12
20141028  372462  73 S28   7
20141028  372523 nan nan  42
20141028  372523 nan nan  41
20141028  372523  13  N5  36
20141028  372523  14  N4  35
20141028  372523  15  N3  34
20141028  372523  20 N11  42
20141028  372523  21 N10  41
20141028  372523  51  S4  28
20141028  372523  57 S11  22
20141028  372523  58 S10  21
20141028  372524  18 N13  44
20141028  372524  19 N12  43
20141028  372524  24 N19  50
20141028  372524  25 N18  49
20141028  372524  30 N24  55
20141028  372525  13  N5  36
20141028  372525  20 N11  42
20141028  372529  23  N8  39
20141028  372529  29 N14  45
20141028  372616  11  N7  38
20141028  372616  48  S7  31
20141029  372870  48  S7  31
20141029  372870  55 S13  24
20141029  372871  24 N19  50
20141030  373221  36 N28  59
20141030  373221  37 N27  58
20141030  373221  42 N31  62
20141031  373565  63 S17  16
20141031  373565  68 S23  11
20141031  373565  69 S22  10
20141101  374284  74 S27   6
20141101  374284  79 S31   3
20141101  374284  80 S30   2
20141101  374288  30 N24  55
20141102  374569  11  N7  38
20141102  374569  48  S7  31
20141103  374799  71 S20   8
20141103  375090  69 S22  10
20141103  375090  74 S27   6
20141103  375090  79 S31   3
20141103  375090  80 S30   2
20141104  375277  51  S4  28
20141114  377735  63 S17  16
20141114  377735  68 S23  11
20141114  377735  69 S22  10
20141114  377824  31 N23  54
20141114  377824  36 N28  59
20141114  377824  42 N31  62
20141114  377834  80 S30   2
20141114  377834  81 S29   1
20141114  377835  53  S2  26
20141114  377835  54  S1  25
20141114  377835  60  S8  19
20141115  378171  31 N23  54
20141115  378171  36 N28  59
20141115  378245  55 S13  24
20141115  378245  61 S19  18
20141116  378642  12  N6  37
20141116  378642  18 N13  44
20141116  378642  19 N12  43
20141116  378642  49  S6  30
20141120  379911  75 S26   5
20141120  379911  80 S30   2
20141120  379911  81 S29   1
20141120  380095  14  N4  35
20141120  380095  20 N11  42
20141120  380100  61 S19  18
20141120  380100  62 S18  17
20141120  380100  67 S24  12
20141126  381991  48  S7  31
20141126  381991  49  S6  30
20141130  383273  19 N12  43
20141130  383273  25 N18  49
20141210  386313  55 S13  24
20141210  386313  61 S19  18
20141210  386385  60  S8  19
20141210  386385  66 S14  13
20141211  386772  15  N3  34
20141211  386772  16  N2  33
20141211  386772  22  N9  40
20141211  386772  52  S3  27
20141211  386772  53  S2  26
20141213  387508  14  N4  35
20141213  387508  20 N11  42
20141213  387510  29 N14  45
20141213  387510  34 N20  51
20141213  387523  81 S29   1
20141214  387756  62 S18  17
20141214  387756  63 S17  16
20141214  387756  68 S23  11
20141214  387831  25 N18  49
20141214  387831  30 N24  55
20141214  387831  31 N23  54
20141214  387831  36 N28  59
20141214  387831  37 N27  58
20141214  387832  42 N31  62
20141214  387832  43 N30  61
20141215  388174  13  N5  36
20141215  388174  14  N4  35
20141215  388174  20 N11  42
20141215  388174  21 N10  41
20141215  388174  51  S4  28
20141215  388174  58 S10  21
20141215  388174  64 S16  15
20141216  388632  29 N14  45
20141216  388632  34 N20  51
20141216  388637  19 N12  43
20141216  388637  25 N18  49
20141216  388641  63 S17  16
20141219  389616  18 N13  44
20141219  389616  24 N19  50
20141219  389616  25 N18  49
20141219  389616  30 N24  55
20141219  389617  55 S13  24
20141219  389617  61 S19  18
20141219  389625  49  S6  30
20141219  389625  55 S13  24
20141219  389625  56 S12  23
20141220  389878  81 S29   1
20141221  390089  81 S29   1
20141221  390156  31 N23  54
20141221  390157  25 N18  49
20141221  390157  26 N17  48
20141221  390157  31 N23  54
20141222  390659  30 N24  55
20141222  390659  36 N28  59
20141222  390660  30 N24  55
20141222  390660  36 N28  59
20141223  390916  43 N30  61
20141223  390916  80 S30   2
20141223  390916  81 S29   1
20141223  390917  34 N20  51
20141223  390918  58 S10  21
20141223  390918  64 S16  15
20141223  390919  43 N30  61
20141223  390919  44 N29  60
20141223  390919  80 S30   2
20141223  390970  74 S27   6
20141223  390970  79 S31   3
20141223  390970  80 S30   2
20141223  391069  37 N27  58
20141223  391069  42 N31  62
20141223  391069  74 S27   6
20141223  391069  75 S26   5
20141223  391069  76 S25   4
20141223  391069  79 S31   3
20141223  391069  80 S30   2
20141223  391069  81 S29   1
20141223  391070  43 N30  61
20141223  391070  44 N29  60
20141223  391070  74 S27   6
20141223  391070  80 S30   2
20141224  391413  49  S6  30
20141224  391413  55 S13  24
20141224  391413  56 S12  23
20141224  391428  15  N3  34
20141225  391697  15  N3  34
20141225  391697  16  N2  33
20141225  391814  74 S27   6
20141225  391814  80 S30   2
20141226  392064  60  S8  19
20141226  392064  66 S14  13
20141226  392074  57 S11  22
20141226  392074  63 S17  16
20141226  392074  68 S23  11
20141226  392074  69 S22  10
20141226  392095  81 S29   1
20141226  392116  30 N24  55
20141226  392116  36 N28  59
20141226  392117  49  S6  30
20141226  392117  55 S13  24
20141226  392117  56 S12  23
20141228  392686  52  S3  27
20141228  392686  58 S10  21
20150102  393961  15  N3  34
20150102  394029  11  N7  38
20150102  394029  17  N1  32
20150102  394029  18 N13  44
20150102  394029  48  S7  31
20150102  394029  54  S1  25
20150102  394029  55 S13  24
20150106  395262  74 S27   6
20150106  395262  79 S31   3
20150106  395262  80 S30   2
20150108  396006  80 S30   2
20150108  396006  81 S29   1
20150111  397107  66 S14  13
20150113  397727  30 N24  55
20150114  398287  32 N22  53
20150118  400460  76 S25   4
20150118  400460  81 S29   1
20150118  400461  76 S25   4
20150118  400461  81 S29   1
20150118  400462  15  N3  34
20150119  400834  14  N4  35
20150119  400834  20 N11  42
20150122  401898  14  N4  35
20150122  401898  20 N11  42
20150124  402662  32 N22  53
20150125  403087  69 S22  10
20150125  403087  75 S26   5
20150126  403403  13  N5  36
20150126  403403  19 N12  43
20150126  403403  20 N11  42
20150126  403482  60  S8  19
20150126  403482  66 S14  13
20150127  403843  60  S8  19
20150127  403843  66 S14  13
20150127  403845  67 S24  12
20150128  404198  61 S19  18
20150128  404198  62 S18  17
20150128  404198  67 S24  12
20150130  404837  30 N24  55
20150130  404837  36 N28  59
20150208  407991  19 N12  43
20150208  407991  25 N18  49
20150210  408676  16  N2  33
20150210  408676  22  N9  40
20150211  409109  61 S19  18
20150211  409109  62 S18  17
20150211  409109  67 S24  12
20150211  409127  76 S25   4
20150211  409127  81 S29   1
20150212  409405  15  N3  34
20150212  409413  14  N4  35
20150212  409413  20 N11  42
20150212  409444  55 S13  24
20150212  409444  61 S19  18
20150212  409444  67 S24  12
20150214  410118  60  S8  19
20150214  410118  66 S14  13
20150214  410166  24 N19  50
20150214  410166  30 N24  55
20150214  410193  12  N6  37
20150214  410193  19 N12  43
20150215  410504  61 S19  18
20150215  410504  62 S18  17
20150215  410504  67 S24  12
20150215  410535  63 S17  16
20150215  410559  51  S4  28
