#date     expnum ccd id ccdnum
20150216  410835 nan nan   8
20150216  410835 nan nan   13
20150216  410835 nan nan   14
20150216  410835 nan nan   19
20150216  410835 nan nan   20
20150216  410835 nan nan   26
20150216  410835 nan nan   33
20150216  410835 nan nan   34
20150216  410835 nan nan   40
20150216  410835 nan nan   46
20150216  410835 nan nan   52
20150216  410835 nan nan   57
20150216  410835 nan nan   60
20150216  410837 nan nan   5
20150216  410837 nan nan   6
20150216  410837 nan nan   10
20150216  410837 nan nan   16
20150216  410837 nan nan   22
20150216  410837 nan nan   29
20150216  410837 nan nan   36
20150216  410837 nan nan   42
20150216  410837 nan nan   43
20150216  410837 nan nan   49
20150216  410837 nan nan   54
20150216  410837 nan nan   59
20150216  410869 nan nan   3
20150216  410869 nan nan   7
20150216  410869 nan nan   12
20150216  410869 nan nan   17
20150216  410869 nan nan   18
20150216  410869 nan nan   23
20150216  410869 nan nan   24
20150216  410869 nan nan   30
20150216  410869 nan nan   37
20150216  410869 nan nan   38
20150216  410869 nan nan   44
20150216  410869 nan nan   50
20150217  411227 nan nan   3
20150217  411227 nan nan   7
20150217  411227 nan nan   12
20150217  411227 nan nan   17
20150217  411227 nan nan   18
20150217  411227 nan nan   24
20150217  411227 nan nan   30
20150217  411227 nan nan   31
20150217  411227 nan nan   37
20150217  411227 nan nan   38
20150217  411227 nan nan   44
20150217  411227 nan nan   50
20150217  411251 nan nan   4
20150217  411251 nan nan   8
20150217  411251 nan nan   14
20150217  411251 nan nan   20
20150217  411251 nan nan   27
20150217  411251 nan nan   34
20150217  411251 nan nan   41
20150217  411251 nan nan   47
20150217  411251 nan nan   52
20150217  411251 nan nan   53
20150217  411251 nan nan   57
#Airplane
20150217  411270 nan nan   25
20150217  411270 nan nan   32
20150217  411270 nan nan   39
20150217  411270 nan nan   45
20150218  411664 nan nan   25
20150218  411664 nan nan   32
20150218  411664 nan nan   39
20150218  411664 nan nan   45
20150218  411664 nan nan   51
20150219  412036 nan nan   1
20150219  412036 nan nan   5
20150219  412036 nan nan   9
20150219  412036 nan nan   10
20150219  412036 nan nan   15
20150219  412036 nan nan   21
20150219  412036 nan nan   28
20150219  412036 nan nan   35
20150219  412036 nan nan   42
20150219  412036 nan nan   48
20150219  412036 nan nan   54
20150219  412036 nan nan   58
20150219  412036 nan nan   59
20150219  412036 nan nan   62
20150221  412489 nan nan   13
20150221  412489 nan nan   19
20150221  412489 nan nan   25
20150221  412489 nan nan   32
20150221  412489 nan nan   33
20150221  412489 nan nan   39
20150221  412489 nan nan   45
20150221  412489 nan nan   46
20150221  412489 nan nan   51
20150221  412489 nan nan   56
20150221  412489 nan nan   60
20150603  445973 nan nan   45
20150603  445973 nan nan   46
20150603  445973 nan nan   47
20150603  445973 nan nan   48
20150603  445973 nan nan   49
20150603  445973 nan nan   50
20150603  445973 nan nan   51
20150603  445973 nan nan   52
20150605  446997 nan nan   12
20150605  446997 nan nan   18
20150605  446997 nan nan   24
20150605  446997 nan nan   31
20150605  446997 nan nan   38
# Thick satellite?
20140802  343473 nan nan   19
20140802  343473 nan nan   26
20140802  343473 nan nan   33
20140802  343473 nan nan   34
20140802  343473 nan nan   40
20140802  343473 nan nan   41
20140802  343473 nan nan   47
20140802  343473 nan nan   57
20140802  343473 nan nan   58
20140802  343473 nan nan   61
20140802  343473 nan nan   62
# Contrail? (444593-444607)
20150530  444597 nan nan  1
20150530  444597 nan nan  5
20150530  444597 nan nan  10
20150530  444597 nan nan  16
20150530  444597 nan nan  22
20150530  444597 nan nan  23
20150530  444597 nan nan  29
20150530  444597 nan nan  30
20150530  444597 nan nan  37
20150530  444597 nan nan  44
### DES Y2 ###
#D00367494_i_r1097p02_TN.png
20141013  367494 nan nan   3
20141013  367494 nan nan   7
20141013  367494 nan nan  11
20141013  367494 nan nan  12
20141013  367494 nan nan  17
20141013  367494 nan nan  23
20141013  367494 nan nan  30
20141013  367494 nan nan  37
20141013  367494 nan nan  44
20141013  367494 nan nan  50
#D00369000_Y_r1108p01_TN.png
20141018  369000 nan nan   8
20141018  369000 nan nan  14
20141018  369000 nan nan  20
20141018  369000 nan nan  26
20141018  369000 nan nan  27
20141018  369000 nan nan  34
#D00383095_z_r1213p01_TN.png
20141130  383095 nan nan  13
20141130  383095 nan nan  19
20141130  383095 nan nan  25
20141130  383095 nan nan  26
20141130  383095 nan nan  32
20141130  383095 nan nan  33
20141130  383095 nan nan  39
20141130  383095 nan nan  45
20141130  383095 nan nan  46
20141130  383095 nan nan  51
20141130  383095 nan nan  56
20141130  383095 nan nan  60
