#date     expnum ccd id ccdnum
20201020  947282  27 N16  47
20201020  947282 nan nan  41
20201020  947282 nan nan  28
20201020  947282 nan nan  22
20201020  947282 nan nan  21
20201020  947283  27 N16  47
20201020  947283  32 N22  53
20201020  947283 nan nan  28
20201020  947283 nan nan  22
20201020  947283 nan nan  21
20201020  947283 nan nan  52
20201020  947284  27 N16  47
20201020  947284 nan nan  28
20201020  947284 nan nan  22
20201020  947284 nan nan  21
20201020  947284 nan nan  52
20201020  947284 nan nan  53
20201020  947284 nan nan  41
20201021  947537  27 N16  47
20201021  947537 nan nan  41
20201021  947537 nan nan  28
20201021  947537 nan nan  22
20201021  947537 nan nan  21
20201021  947537 nan nan  52
20201021  947537 nan nan  53
20201021  947539  21 N10  41
20201021  947539  27 N16  47
20201021  947539 nan nan  28
20201021  947539 nan nan  22
20201021  947539 nan nan  21
20201021  947541  27 N16  47
20201021  947541 nan nan  28
20201021  947541 nan nan  22
20201021  947541 nan nan  21
20201021  947541 nan nan  48
20201021  947541 nan nan  53
20201021  947541 nan nan  41
20201021  947542  27 N16  47
20201021  947542 nan nan  28
20201021  947542 nan nan  22
20201021  947542 nan nan  21
20201021  947542 nan nan  41
20201021  947542 nan nan  53
20201021  947542 nan nan  52
20201021  947544  27 N16  47
20201021  947544 nan nan  28
20201021  947544 nan nan  22
20201021  947544 nan nan  21
20201021  947545  27 N16  47
20201021  947545 nan nan  41
20201021  947545 nan nan  28
20201021  947545 nan nan  22
20201021  947545 nan nan  21
20201021  947547  27 N16  47
20201021  947547 nan nan  41
20201021  947547 nan nan  28
20201021  947547 nan nan  22
20201021  947547 nan nan  21
20201021  947547 nan nan  48
20201021  947548  27 N16  47
20201021  947548 nan nan  53
20201021  947548 nan nan  28
20201021  947548 nan nan  22
20201021  947548 nan nan  21
20201022  947839  65 S15  14
20201022  947839  70 S21   9
20201022  947839 nan nan   8
20201022  947892  68 S23  11
20201022  947892  69 S22  10
20201022  947892  74 S27   6
20201022  947892 nan nan   3
20201022  947892 nan nan   2
20201022  947894  38 N26  57
20201022  947894 nan nan   2
20201022  947894 nan nan   3
20201022  947894 nan nan   6
20201022  947894 nan nan  60
20201024  948350  56 S12  23
20201024  948359 nan nan   4
20201024  948359 nan nan  55
20201024  948359 nan nan  59
20201024  948472  11  N7  38
20201024  948472  12  N6  37
20201024  948472  13  N5  36
20201024  948472  14  N4  35
20201024  948472  15  N3  34
20201024  948472  16  N2  33
20201024  948472  18 N13  44
20201024  948472  19 N12  43
20201024  948472  20 N11  42
20201024  948472  21 N10  41
20201024  948472  22  N9  40
20201024  948472  23  N8  39
20201024  948472  24 N19  50
20201024  948472  25 N18  49
20201024  948472  26 N17  48
20201024  948472  27 N16  47
20201024  948472  28 N15  46
20201024  948472  30 N24  55
20201024  948472  31 N23  54
20201024  948472  32 N22  53
20201024  948472  33 N21  52
20201024  948472  36 N28  59
20201024  948472  48  S7  31
20201024  948472  49  S6  30
20201024  948472  50  S5  29
20201024  948472  51  S4  28
20201024  948472  52  S3  27
20201024  948472  53  S2  26
20201024  948472  54  S1  25
20201024  948472  55 S13  24
20201024  948472  56 S12  23
20201024  948472  57 S11  22
20201024  948472  58 S10  21
20201024  948472  59  S9  20
20201024  948472  60  S8  19
20201024  948472  61 S19  18
20201024  948472  62 S18  17
20201024  948472  63 S17  16
20201024  948472  64 S16  15
20201024  948472  65 S15  14
20201024  948472  69 S22  10
20201024  948472  70 S21   9
20201025  948720  64 S16  15
20201025  948720  69 S22  10
20201025  948724  42 N31  62
20201025  948730  81 S29   1
20201025  948730 nan nan   4
20201025  948730 nan nan   9
20201025  948776  42 N31  62
20201025  948776  75 S26   5
20201025  948776  81 S29   1
20201025  948779  11  N7  38
20201025  948779  12  N6  37
20201025  948779  17  N1  32
20201025  948779  23  N8  39
20201025  948779  48  S7  31
20201025  948779  49  S6  30
20201025  948779  54  S1  25
20201025  948804  13  N5  36
20201025  948804  14  N4  35
20201025  948831  33 N21  52
20201025  948831  39 N25  56
20201025  948831  44 N29  60
20201025  948831  73 S28   7
20201025  948831  79 S31   3
20201025  948853  65 S15  14
20201025  948853  66 S14  13
20201025  948853  71 S20   8
20201025  948862  56 S12  23
20201025  948862  57 S11  22
20201025  948863  13  N5  36
20201025  948863  21 N10  41
20201025  948863  22  N9  40
20201025  948863  27 N16  47
20201025  948863  28 N15  46
20201025  948863  50  S5  29
20201025  948863  51  S4  28
20201025  948863  56 S12  23
20201025  948863  57 S11  22
20201025  948871  18 N13  44
20201025  948871  24 N19  50
20201025  948871 nan nan  13
20201025  948871 nan nan  19
20201025  948875  18 N13  44
20201025  948875  24 N19  50
20201025  948876  12  N6  37
20201025  948876  13  N5  36
20201025  948876  14  N4  35
20201025  948876  15  N3  34
20201025  948876  16  N2  33
20201025  948876  19 N12  43
20201025  948876  20 N11  42
20201025  948876  21 N10  41
20201025  948876  22  N9  40
20201025  948876  23  N8  39
20201025  948876  25 N18  49
20201025  948876  26 N17  48
20201025  948876  27 N16  47
20201025  948876  28 N15  46
20201025  948876  29 N14  45
20201025  948876  31 N23  54
20201025  948876  32 N22  53
20201025  948876  33 N21  52
20201025  948876  34 N20  51
20201025  948876  37 N27  58
20201025  948876  38 N26  57
20201025  948876  49  S6  30
20201025  948876  50  S5  29
20201025  948876  51  S4  28
20201025  948876  52  S3  27
20201025  948876  53  S2  26
20201025  948876  56 S12  23
20201025  948876  57 S11  22
20201025  948876  58 S10  21
20201025  948876  59  S9  20
20201025  948876  62 S18  17
20201025  948876  63 S17  16
20201025  948876  64 S16  15
20201025  948876  65 S15  14
20201025  948876  68 S23  11
20201025  948876  69 S22  10
20201025  948876  70 S21   9
20201025  948886  71 S20   8
20201025  948886  19 N12  43
20201025  948886  25 N18  49
20201030  950394  64 S16  15
20201030  950394  69 S22  10
20201030  950399  13  N5  36
20201030  950399  19 N12  43
20201031  950688  67 S24  12
20201031  950693  38 N26  57
20201031  950693  39 N25  56
20201031  950693  44 N29  60
20201031  950698  19 N12  43
20201031  950698  24 N19  50
20201031  950698  25 N18  49
20201031  950698  30 N24  55
20201031  950698  31 N23  54
20201106  952417  15  N3  34
20201106  952417  21 N10  41
20201106  952417  22  N9  40
20201106  952417  27 N16  47
20201106  952417  28 N15  46
20201106  952417  56 S12  23
20201106  952417  61 S19  18
20201106  952417  62 S18  17
20201106  952417  67 S24  12
20201106  952424  15  N3  34
20201106  952424  16  N2  33
20201106  952424  52  S3  27
20201106  952424  53  S2  26
20201106  952487  30 N24  55
20201106  952487  31 N23  54
20201106  952487  36 N28  59
20201106  952487  71 S20   8
20201106  952487  76 S25   4
20201106  952528  56 S12  23
20201106  952528  57 S11  22
20201106  952528  62 S18  17
20201106  952528  63 S17  16
20201106  952528  68 S23  11
20201118  955605  48  S7  31
20201118  955606  13  N5  36
20201118  955606  14  N4  35
20201118  955606  15  N3  34
20201118  955606  16  N2  33
20201118  955606  21 N10  41
20201118  955606  22  N9  40
20201118  955606  50  S5  29
20201118  955606  51  S4  28
20201118  955606  56 S12  23
20201118  955606  57 S11  22
20201118  955639  71 S20   8
20201118  955639  76 S25   4
20201118  955648 nan nan   3
20201118  955650  13  N5  36
20201118  955650  14  N4  35
20201118  955650  20 N11  42
20201118  955650  21 N10  41
20201118  955650  26 N17  48
20201118  955650  27 N16  47
20201118  955650  64 S16  15
20201118  955650  69 S22  10
20201118  955650  70 S21   9
20201118  955650  75 S26   5
20201118  955703  42 N31  62
20201118  955703 nan nan   1
20201118  955704  12  N6  37
20201118  955704  13  N5  36
20201118  955704  14  N4  35
20201118  955704  15  N3  34
20201118  955704  16  N2  33
20201118  955704  17  N1  32
20201118  955704  18 N13  44
20201118  955704  19 N12  43
20201118  955704  20 N11  42
20201118  955704  21 N10  41
20201118  955704  22  N9  40
20201118  955704  23  N8  39
20201118  955704  25 N18  49
20201118  955704  26 N17  48
20201118  955704  27 N16  47
20201118  955704  28 N15  46
20201118  955704  29 N14  45
20201118  955704  31 N23  54
20201118  955704  32 N22  53
20201118  955704  33 N21  52
20201118  955704  34 N20  51
20201118  955704  39 N25  56
20201118  955704  48  S7  31
20201118  955704  49  S6  30
20201118  955704  50  S5  29
20201118  955704  51  S4  28
20201118  955704  52  S3  27
20201118  955704  53  S2  26
20201118  955704  54  S1  25
20201118  955704  55 S13  24
20201118  955704  56 S12  23
20201118  955704  57 S11  22
20201118  955704  58 S10  21
20201118  955704  59  S9  20
20201118  955704  60  S8  19
20201118  955704  61 S19  18
20201118  955704  62 S18  17
20201118  955704  63 S17  16
20201118  955704  64 S16  15
20201118  955704  68 S23  11
20201118  955704  69 S22  10
20201118  955716  21 N10  41
20201118  955716  22  N9  40
20201118  955716  27 N16  47
20201118  955716  28 N15  46
20201118  955716  61 S19  18
20201118  955716  62 S18  17
20201118  955716  67 S24  12
20201118  955716  73 S28   7
20201118  955723  13  N5  36
20201118  955723  14  N4  35
20201118  955723  15  N3  34
20201118  955723  16  N2  33
20201118  955723  19 N12  43
20201118  955723  20 N11  42
20201118  955723  21 N10  41
20201118  955723  22  N9  40
20201118  955723  23  N8  39
20201118  955723  25 N18  49
20201118  955723  26 N17  48
20201118  955723  27 N16  47
20201118  955723  28 N15  46
20201118  955723  29 N14  45
20201118  955723  31 N23  54
20201118  955723  32 N22  53
20201118  955723  33 N21  52
20201118  955723  34 N20  51
20201118  955723  38 N26  57
20201118  955723  39 N25  56
20201118  955723  50  S5  29
20201118  955723  51  S4  28
20201118  955723  52  S3  27
20201118  955723  53  S2  26
20201118  955723  55 S13  24
20201118  955723  56 S12  23
20201118  955723  57 S11  22
20201118  955723  58 S10  21
20201118  955723  59  S9  20
20201118  955723  61 S19  18
20201118  955723  62 S18  17
20201118  955723  63 S17  16
20201118  955723  64 S16  15
20201118  955723  65 S15  14
20201118  955723  67 S24  12
20201118  955723  68 S23  11
20201118  955723  69 S22  10
20201118  955723  73 S28   7
20201118  955723  74 S27   6
20201118  955723  79 S31   3
20201118  955723  80 S30   2
20201118  955740  11  N7  38
20201118  955740  12  N6  37
20201118  955740  16  N2  33
20201118  955740  18 N13  44
20201118  955740  24 N19  50
20201118  955740  52  S3  27
20201118  955740  53  S2  26
20201118  955740  59  S9  20
20201118  955741  24 N19  50
20201118  955741  25 N18  49
20201118  955741  30 N24  55
20201118  955741  31 N23  54
20201118  955741  36 N28  59
20201118  955741  71 S20   8
20201118  955741  75 S26   5
20201118  955741  76 S25   4
20201118  955741  81 S29   1
20201118  955741  12  N6  37
20201118  955741  13  N5  36
20201118  955741  14  N4  35
20201118  955741  15  N3  34
20201118  955741  19 N12  43
20201118  955741  51  S4  28
20201118  955741  52  S3  27
20201118  955741  58 S10  21
20201118  955741  59  S9  20
20201118  955742  39 N25  56
20201118  955742  44 N29  60
20201118  955742 nan nan  28
20201118  955742 nan nan  29
20201118  955742 nan nan  35
20201118  955742 nan nan  36
20201118  955757  23  N8  39
20201118  955757  29 N14  45
20201118  955757  55 S13  24
20201118  955757  61 S19  18
20201119  955985  17  N1  32
20201119  955985  23  N8  39
20201119  955993  12  N6  37
20201119  955993  13  N5  36
20201119  955993  15  N3  34
20201119  955993  16  N2  33
20201119  955993  19 N12  43
20201119  955993  20 N11  42
20201119  955993  21 N10  41
20201119  955993  22  N9  40
20201119  955993  26 N17  48
20201119  955993  27 N16  47
20201119  955993  30 N24  55
20201119  955993  31 N23  54
20201119  955993  32 N22  53
20201119  955993  36 N28  59
20201119  955993  37 N27  58
20201119  955993  38 N26  57
20201119  955993  42 N31  62
20201119  955993  43 N30  61
20201119  955993  49  S6  30
20201119  955993  50  S5  29
20201119  955993  51  S4  28
20201119  955993  52  S3  27
20201119  955993  53  S2  26
20201119  955993  56 S12  23
20201119  955993  57 S11  22
20201119  955993  58 S10  21
20201119  955993  59  S9  20
20201119  955993  62 S18  17
20201119  955993  63 S17  16
20201119  955993  64 S16  15
20201119  955993  65 S15  14
20201119  955993  68 S23  11
20201119  955993  69 S22  10
20201119  955993  70 S21   9
20201119  955993  71 S20   8
20201119  955993  74 S27   6
20201119  955993  75 S26   5
20201119  955993  80 S30   2
20201119  955993  81 S29   1
20201119  955993 nan nan   4
20201119  955993 nan nan  35
20201119  955994  11  N7  38
20201119  955994  12  N6  37
20201119  955994  13  N5  36
20201119  955994  14  N4  35
20201119  955994  15  N3  34
20201119  955994  16  N2  33
20201119  955994  17  N1  32
20201119  955994  18 N13  44
20201119  955994  19 N12  43
20201119  955994  20 N11  42
20201119  955994  21 N10  41
20201119  955994  22  N9  40
20201119  955994  23  N8  39
20201119  955994  25 N18  49
20201119  955994  26 N17  48
20201119  955994  27 N16  47
20201119  955994  29 N14  45
20201119  955994  31 N23  54
20201119  955994  32 N22  53
20201119  955994  34 N20  51
20201119  955994  48  S7  31
20201119  955994  49  S6  30
20201119  955994  50  S5  29
20201119  955994  51  S4  28
20201119  955994  52  S3  27
20201119  955994  53  S2  26
20201119  955994  54  S1  25
20201119  955994  55 S13  24
20201119  955994  56 S12  23
20201119  955994  57 S11  22
20201119  955994  58 S10  21
20201119  955994  59  S9  20
20201119  955994  60  S8  19
20201119  955994  62 S18  17
20201119  955994  63 S17  16
20201119  955994  64 S16  15
20201119  955994  66 S14  13
20201119  955994  68 S23  11
20201119  955994  69 S22  10
20201119  956046  12  N6  37
20201119  956046  13  N5  36
20201119  956046  14  N4  35
20201119  956046  15  N3  34
20201119  956046  16  N2  33
20201119  956046  19 N12  43
20201119  956046  20 N11  42
20201119  956046  21 N10  41
20201119  956046  22  N9  40
20201119  956046  23  N8  39
20201119  956046  25 N18  49
20201119  956046  26 N17  48
20201119  956046  27 N16  47
20201119  956046  28 N15  46
20201119  956046  31 N23  54
20201119  956046  32 N22  53
20201119  956046  33 N21  52
20201119  956046  34 N20  51
20201119  956046  38 N26  57
20201119  956046  39 N25  56
20201119  956046  44 N29  60
20201119  956046  50  S5  29
20201119  956046  52  S3  27
20201119  956046  53  S2  26
20201119  956046  56 S12  23
20201119  956046  57 S11  22
20201119  956046  58 S10  21
20201119  956046  59  S9  20
20201119  956046  61 S19  18
20201119  956046  62 S18  17
20201119  956046  63 S17  16
20201119  956046  64 S16  15
20201119  956046  67 S24  12
20201119  956046  68 S23  11
20201119  956046  69 S22  10
20201119  956046  73 S28   7
20201119  956046  74 S27   6
20201119  956046  79 S31   3
20201119  956046  80 S30   2
20201119  956046 nan nan  28
20201119  956059  62 S18  17
20201119  956059  67 S24  12
20201119  956059  68 S23  11
20201119  956059  73 S28   7
20201119  956059  74 S27   6
20201119  956062  19 N12  43
20201119  956062  25 N18  49
20201119  956062  30 N24  55
20201119  956062  31 N23  54
20201119  956062  71 S20   8
20201119  956062  75 S26   5
20201119  956062  76 S25   4
20201119  956062  51  S4  28
20201119  956062  52  S3  27
20201119  956062  58 S10  21
20201119  956062  59  S9  20
20201119  956062 nan nan   9
20201119  956062 nan nan  14
20201119  956063  38 N26  57
20201119  956063  39 N25  56
20201119  956063  44 N29  60
20201119  956063  13  N5  36
20201119  956063  14  N4  35
20201119  956063  15  N3  34
20201119  956063  20 N11  42
20201119  956063  51  S4  28
20201119  956063  52  S3  27
20201119  956063  57 S11  22
20201119  956063  58 S10  21
20201119  956076  23  N8  39
20201119  956076  29 N14  45
20201119  956076  34 N20  51
20201119  956076  49  S6  30
20201119  956076  55 S13  24
20201119  956076  56 S12  23
20201119  956076  62 S18  17
20201120  956336  11  N7  38
20201120  956336  12  N6  37
20201120  956336  18 N13  44
20201120  956349  33 N21  52
20201120  956349  34 N20  51
20201120  956349  39 N25  56
20201120  956350  57 S11  22
20201120  956350  63 S17  16
20201120  956350  68 S23  11
20201120  956350  69 S22  10
20201120  956360  69 S22  10
20201120  956360  70 S21   9
20201120  956360 nan nan  15
20201120  956400  38 N26  57
20201120  956400  39 N25  56
20201120  956400  44 N29  60
20201120  956400 nan nan  52
20201120  956400 nan nan  16
20201120  956400 nan nan  10
20201120  956400 nan nan  11
20201120  956420  24 N19  50
20201120  956420  25 N18  49
20201120  956420  30 N24  55
20201120  956420  31 N23  54
20201120  956420  52  S3  27
20201120  956420  58 S10  21
20201120  956420  59  S9  20
20201120  956420  64 S16  15
20201120  956420  65 S15  14
20201120  956433  32 N22  53
20201120  956437  22  N9  40
20201120  956437  27 N16  47
20201120  956437  28 N15  46
20201120  956437  33 N21  52
20201120  956437  34 N20  51
20201120  956437  67 S24  12
20201120  956437  73 S28   7
20201121  956617  16  N2  33
20201121  956617 nan nan  34
20201121  956643  28 N15  46
20201121  956643  33 N21  52
20201121  956643  34 N20  51
20201121  956646  39 N25  56
20201121  956690  67 S24  12
20201121  956693  29 N14  45
20201121  956693 nan nan  18
20201121  956693 nan nan  24
20201121  956718  29 N14  45
20201121  956768  53  S2  26
20201121  956768  59  S9  20
20201121  956768  60  S8  19
20201121  956768  31 N23  54
20201121  956768  32 N22  53
20201121  956768  37 N27  58
20201121  956768  38 N26  57
20201121  956768  74 S27   6
20201121  956768  75 S26   5
20201121  956768  80 S30   2
20201121  956773  43 N30  61
20201121  956773  79 S31   3
20201121  956773  80 S30   2
20201121  956773 nan nan  57
20201121  956773 nan nan  58
20201121  956809  38 N26  57
20201121  956809  43 N30  61
20201121  956809  44 N29  60
20201121  956810  39 N25  56
20201124  957701  28 N15  46
20201124  957701  33 N21  52
20201124  957701  34 N20  51
20201124  957704  39 N25  56
20201124  957725  67 S24  12
20201124  957729  29 N14  45
20201124  957757  57 S11  22
20201124  957757  63 S17  16
20201125  957923  67 S24  12
20201125  957924  29 N14  45
20201125  957992  56 S12  23
20201125  957992  61 S19  18
20201125  957992  62 S18  17
20201125  957999  38 N26  57
20201125  957999  43 N30  61
20201125  957999  44 N29  60
20201125  958000  59  S9  20
20201125  958000  60  S8  19
20201125  958000  65 S15  14
20201125  958000  66 S14  13
20201125  958000 nan nan  44
20201125  958000 nan nan  50
20201125  958000 nan nan  55
20210122  959088  21 N10  41
20210122  959088  26 N17  48
20210122  959088  27 N16  47
20210122  959088  32 N22  53
20210201  962846  60  S8  19
20210201  962846  66 S14  13
20210202  963181  68 S23  11
20210202  963181  69 S22  10
20210202  963181  74 S27   6
20210202  963181 nan nan   3
20210202  963181 nan nan   2
20210203  963396  43 N30  61
20210204  963670  38 N26  57
20210204  963670 nan nan  60
20210204  963670 nan nan   3
20210205  963888  80 S30   2
20210206  964172  26 N17  48
20210206  964172  27 N16  47
20210206  964172  31 N23  54
20210206  964172  32 N22  53
20210206  964172  69 S22  10
20210206  964172  70 S21   9
20210206  964172  75 S26   5
20210206  964172  80 S30   2
20210206  964172 nan nan   1
20210206  964173  33 N21  52
20210206  964173  34 N20  51
20210206  964173  39 N25  56
20210216  965911  67 S24  12
20210216  965911  73 S28   7
20210216  965911 nan nan  31
20210216  965911 nan nan  38
20210216  966014  60  S8  19
20210216  966014  66 S14  13
20210218  966388  60  S8  19
20210218  966388  66 S14  13
20210218  966450  25 N18  49
20210218  966450  26 N17  48
20210218  966450  31 N23  54
20210218  966450  32 N22  53
20210218  966450  37 N27  58
20210218  966450  51  S4  28
20210218  966450  52  S3  27
20210218  966450  57 S11  22
20210218  966450  58 S10  21
20210218  966450  63 S17  16
20210218  966450  64 S16  15
20210220  966845  21 N10  41
20210220  966845 nan nan  47
20210220  966867  38 N26  57
20210220  966867  43 N30  61
20210220  966867  44 N29  60
20210220  966867 nan nan   3
20210221  967217  11  N7  38
20210221  967217  12  N6  37
20210221  967217 nan nan  25
20210221  967217 nan nan  32
20210221  967221  16  N2  33
20210221  967221  17  N1  32
20210221  967221  53  S2  26
20210221  967221  54  S1  25
20210221  967241  60  S8  19
20210221  967241  66 S14  13
20210221  967241 nan nan  20
20210222  967487  24 N19  50
20210222  967487  25 N18  49
20210222  967487  30 N24  55
20210222  967488  52  S3  27
20210222  967488  53  S2  26
20210222  967488  58 S10  21
20210222  967488  59  S9  20
20210222  967548  12  N6  37
20210222  967548  13  N5  36
20210222  967548  19 N12  43
20210224  968228  12  N6  37
20210224  968228  13  N5  36
20210224  968228  19 N12  43
20210224  968228  20 N11  42
20210224  968228  49  S6  30
20210224  968228  50  S5  29
20210224  968228  52  S3  27
20210224  968228  53  S2  26
20210224  968228  54  S1  25
20210224  968228  59  S9  20
20210224  968228  60  S8  19
20210224  968238  55 S13  24
20210224  968238  56 S12  23
20210224  968238  61 S19  18
20210224  968324  11  N7  38
20210224  968324  12  N6  37
20210224  968324  18 N13  44
20210224  968324  48  S7  31
20210224  968324  49  S6  30
20210224  968325  26 N17  48
20210224  968325  27 N16  47
20210224  968325  32 N22  53
20210224  968325  37 N27  58
20210224  968325  38 N26  57
20210224  968326  16  N2  33
20210224  968326  17  N1  32
20210224  968326  54  S1  25
20210224  968326  nan nan 24
20210224  968326  nan nan 30
20210224  968326  nan nan 37
20210224  968341  70 S21   9
20210224  968341  71 S20   8
20210224  968341  75 S26   5
20210224  968341  76 S25   4
20210224  968341  81 S29   1
20210224  968341 nan nan  55
20210224  968341 nan nan  59
20210224  968342  31 N23  54
20210224  968342  32 N22  53
20210224  968342  37 N27  58
20210224  968342  42 N31  62
20210224  968342  43 N30  61
20210225  968668  61 S19  18
20210225  968668  67 S24  12
20210228  970150  26 N17  48
20210228  970150  27 N16  47
20210228  970150  32 N22  53
20210228  970150 nan nan  57
20210228  970150 nan nan  58
20210228  970152  71 S20   8
20210228  970152  76 S25   4
20210228  970186 nan nan   4
20210302  970779  31 N23  54
20210302  970779  36 N28  59
20210303  971019  70 S21   9
20210303  971071  12  N6  37
20210303  971076  69 S22  10
20210303  971076  74 S27   6
20210303  971076  75 S26   5
20210303  971104  11  N7  38
20210303  971104  12  N6  37
20210303  971104  18 N13  44
20210303  971104 nan nan  19
20210303  971104 nan nan  25
20210303  971104 nan nan  26
20210303  971105  38 N26  57
20210303  971105  43 N30  61
20210303  971105  44 N29  60
20210303  971107  13  N5  36
20210303  971107  14  N4  35
20210303  971107  50  S5  29
20210303  971107  51  S4  28
20210303  971107  57 S11  22
20210303  971115  65 S15  14
20210303  971115  71 S20   8
20210303  971115  76 S25   4
20210303  971115 nan nan  50
20210303  971115 nan nan  55
20210304  971425  48  S7  31
20210304  971425 nan nan  30
20210304  971431  54  S1  25
20210304  971431 nan nan  26
20210304  971431 nan nan  38
20210304  971431 nan nan  37
20210304  971431 nan nan  44
20210304  971482 nan nan   1
20210304  971482 nan nan   5
20210304  971482 nan nan  62
20210313  973556  30 N24  55
20210313  973557  12  N6  37
20210313  973557  13  N5  36
20210313  973557  14  N4  35
20210313  973557  15  N3  34
20210313  973557  16  N2  33
20210313  973557  19 N12  43
20210313  973557  20 N11  42
20210313  973557  21 N10  41
20210313  973557  22  N9  40
20210313  973557  25 N18  49
20210313  973557  26 N17  48
20210313  973557  27 N16  47
20210313  973557  28 N15  46
20210313  973557  31 N23  54
20210313  973557  32 N22  53
20210313  973557  33 N21  52
20210313  973557  36 N28  59
20210313  973557  37 N27  58
20210313  973557  38 N26  57
20210313  973557  43 N30  61
20210313  973557  49  S6  30
20210313  973557  50  S5  29
20210313  973557  52  S3  27
20210313  973557  53  S2  26
20210313  973557  56 S12  23
20210313  973557  57 S11  22
20210313  973557  58 S10  21
20210313  973557  59  S9  20
20210313  973557  63 S17  16
20210313  973557  64 S16  15
20210313  973557  69 S22  10
20210313  973557  70 S21   9
20210313  973557  74 S27   6
20210313  973557  75 S26   5
20210313  973557  79 S31   3
20210313  973557  80 S30   2
20210313  973557  81 S29   1
20210313  973557 nan nan  28
20210313  973558  12  N6  37
20210313  973558  13  N5  36
20210313  973558  14  N4  35
20210313  973558  15  N3  34
20210313  973558  16  N2  33
20210313  973558  17  N1  32
20210313  973558  19 N12  43
20210313  973558  20 N11  42
20210313  973558  21 N10  41
20210313  973558  22  N9  40
20210313  973558  23  N8  39
20210313  973558  25 N18  49
20210313  973558  26 N17  48
20210313  973558  27 N16  47
20210313  973558  28 N15  46
20210313  973558  29 N14  45
20210313  973558  33 N21  52
20210313  973558  34 N20  51
20210313  973558  39 N25  56
20210313  973558  49  S6  30
20210313  973558  50  S5  29
20210313  973558  51  S4  28
20210313  973558  52  S3  27
20210313  973558  53  S2  26
20210313  973558  54  S1  25
20210313  973558  55 S13  24
20210313  973558  56 S12  23
20210313  973558  57 S11  22
20210313  973558  58 S10  21
20210313  973558  59  S9  20
20210313  973558  61 S19  18
20210313  973558  62 S18  17
20210313  973558  63 S17  16
20210313  973558  64 S16  15
20210313  973558  67 S24  12
20210313  973558  68 S23  11
20210313  973558  69 S22  10
20210313  973558  70 S21   9
20210313  973614  30 N24  55
20210313  973614  36 N28  59
20210313  973614 nan nan  49
20210313  973666  70 S21   9
20210313  973666  75 S26   5
20210314  973871  75 S26   5
20210314  973871  80 S30   2
20210314  973881  30 N24  55
20210314  973923  14  N4  35
20210314  973923  20 N11  42
20210314  973923  21 N10  41
20210314  973924  13  N5  36
20210314  973924  50  S5  29
20210314  973925  64 S16  15
20210314  973925  69 S22  10
20210314  973925  70 S21   9
20210314  973925  75 S26   5
20210314  973925  24 N19  50
20210314  973926  70 S21   9
20210314  973926  71 S20   8
20210314  973926 nan nan   4
20210316  974350  81 S29   1
20210316  974350 nan nan   4
20210316  974350 nan nan   9
20210317  974723  28 N15  46
20210317  974723  29 N14  45
20210317  974723  34 N20  51
20210320  975283  53  S2  26
20210320  975283  59  S9  20
20210320  975283  60  S8  19
20210322  976201  75 S26   5
20210322  976201  80 S30   2
20210322  976211  30 N24  55
20210322  976223  80 S30   2
20210322  976223  81 S29   1
20210322  976255  39 N25  56
20210322  976255  44 N29  60
20210322  976262  59  S9  20
20210324  977030  71 S20   8
20210324  977031  59  S9  20
20210324  977031  65 S15  14
20210324  977031  66 S14  13
20210324  977031  71 S20   8
20210324  977031  76 S25   4
20210324  977031 nan nan  43
20210324  977031 nan nan  49
20210324  977136  12  N6  37
20210324  977136  13  N5  36
20210324  977136  15  N3  34
20210324  977136  16  N2  33
20210324  977136  19 N12  43
20210324  977136  20 N11  42
20210324  977136  21 N10  41
20210324  977136  22  N9  40
20210324  977136  26 N17  48
20210324  977136  27 N16  47
20210324  977136  31 N23  54
20210324  977136  32 N22  53
20210324  977136  33 N21  52
20210324  977136  34 N20  51
20210324  977136  36 N28  59
20210324  977136  37 N27  58
20210324  977136  38 N26  57
20210324  977136  39 N25  56
20210324  977136  42 N31  62
20210324  977136  43 N30  61
20210324  977136  44 N29  60
20210324  977136  49  S6  30
20210324  977136  50  S5  29
20210324  977136  51  S4  28
20210324  977136  52  S3  27
20210324  977136  53  S2  26
20210324  977136  56 S12  23
20210324  977136  57 S11  22
20210324  977136  58 S10  21
20210324  977136  59  S9  20
20210324  977136  62 S18  17
20210324  977136  63 S17  16
20210324  977136  64 S16  15
20210324  977136  65 S15  14
20210324  977136  68 S23  11
20210324  977136  69 S22  10
20210324  977136  70 S21   9
20210324  977136  74 S27   6
20210324  977136  75 S26   5
20210324  977136  79 S31   3
20210324  977136  80 S30   2
20210324  977136 nan nan  35
20210325  977335  37 N27  58
20210325  977335  43 N30  61
20210325  977396  50  S5  29
20210325  977461  25 N18  49
20210325  977461  30 N24  55
20210325  977526  16  N2  33
20210325  977526  17  N1  32
20210325  977526  23  N8  39
20210325  977526  53  S2  26
20210325  977526  54  S1  25
20210326  977765  15  N3  34
20210326  977765  16  N2  33
20210326  977774  32 N22  53
20210326  977774  33 N21  52
20210326  977774  38 N26  57
20210326  977780  13  N5  36
20210326  977780  50  S5  29
20210326  977813  57 S11  22
20210330  979509 nan nan  15
20210331  979746  61 S19  18
20210401  979998  74 S27   6
20210401  979998  75 S26   5
20210401  979998  80 S30   2
20210401  979998 nan nan  10
20210401  980066  68 S23  11
20210401  980066  69 S22  10
20210401  980066  74 S27   6
20210401  980067  60  S8  19
20210401  980067  66 S14  13
20210401  980067 nan nan  20
20210403  980850  30 N24  55
20210403  980850  31 N23  54
20210403  980850  36 N28  59
20210403  980850 nan nan  49
20210403  980859  30 N24  55
20210403  980859  31 N23  54
20210403  980859  36 N28  59
20210403  980867  55 S13  24
20210403  980867  56 S12  23
20210403  980867  61 S19  18
20210403  980867  62 S18  17
20210403  980867 nan nan  39
20210403  980867 nan nan  45
20210403  980869  30 N24  55
20210403  980869 nan nan  49
20210414  984831  61 S19  18
20210414  984831  62 S18  17
20210414  984831 nan nan  12
20210419  986895  17  N1  32
20210419  986895  54  S1  25
20210419  986999  39 N25  56
20210419  986999  44 N29  60
20210419  986999  67 S24  12
20210419  986999  68 S23  11
20210419  986999  73 S28   7
20210419  986999  74 S27   6
20210419  986999 nan nan  52
20210422  987968  18 N13  44
20210422  987968  24 N19  50
20210422  987969  71 S20   8
20210422  987969  76 S25   4
20210424  989035  55 S13  24
20210424  989036  55 S13  24
20210426  989698  57 S11  22
20210426  989698  63 S17  16
20210426  989698  64 S16  15
20210426  989698  68 S23  11
20210426  989698  69 S22  10
20210427  990406  51  S4  28
20210427  990406  57 S11  22
20210427  990406  63 S17  16
20210427  990406 nan nan  35
20210427  990408 nan nan   4
20210428  990831  57 S11  22
20210428  990831  63 S17  16
20210428  990831  64 S16  15
20210428  990831  68 S23  11
20210428  990831  69 S22  10
20210428  990832  57 S11  22
20210428  990832  63 S17  16
20210428  990832  64 S16  15
20210428  990832  68 S23  11
20210428  990832  69 S22  10
20210429  991414  70 S21   9
20210429  991414  71 S20   8
20210429  991414 nan nan   4
20210429  991414 nan nan  14
20210501  992180  68 S23  11
20210501  992180 nan nan  16
20210501  992231  50  S5  29
20210501  992231 nan nan  36
20210501  992295  52  S3  27
20210501  992295  58 S10  21
20210501  992295  59  S9  20
20210501  992295  64 S16  15
20210501  992295  65 S15  14
20210502  992568  57 S11  22
20210502  992568  63 S17  16
20210502  992568  64 S16  15
20210502  992568  68 S23  11
20210502  992568  69 S22  10
20210502  992569  63 S17  16
20210502  992569 nan nan  22
20210505  994119  55 S13  24
20210508  995093  57 S11  22
20210508  995093  63 S17  16
20210508  995093  64 S16  15
20210508  995093  68 S23  11
20210508  995093  69 S22  10
20210511  996199  63 S17  16
20210511  996535  55 S13  24
20210517  998938  55 S13  24
20210521  999902  55 S13  24
20210521  999919  71 S20   8
20210521  999920  71 S20   8
20210521  999925  71 S20   8
20210521  999926  71 S20   8
20210521  999931  71 S20   8
20210521  999932  71 S20   8
20210521  999938  71 S20   8
20210521  999939  71 S20   8
20210521  999944  71 S20   8
20210521  999945  71 S20   8
20210521  999951  71 S20   8
20210521  999952  71 S20   8
20210521  999957  71 S20   8
20210521  999958  71 S20   8
20210521  999963  71 S20   8
20210521  999964  71 S20   8
20210522  1000093  37 N27  58
20210522  1000093  42 N31  62
20210522  1000093  43 N30  61
20210522  1000215  26 N17  48
20210522  1000215  27 N16  47
20210522  1000215  32 N22  53
20210522  1000227  26 N17  48
20210522  1000227  27 N16  47
20210522  1000227  32 N22  53
20210523  1000846  55 S13  24
20210523  1000847  55 S13  24
20210523  1000864  71 S20   8
20210523  1000865  71 S20   8
20210523  1000870  71 S20   8
20210523  1000871  71 S20   8
20210523  1000876  71 S20   8
20210523  1000877  71 S20   8
20210523  1000883  71 S20   8
20210523  1000884  71 S20   8
20210523  1000889  71 S20   8
20210523  1000890  71 S20   8
20210524  1001060  26 N17  48
20210524  1001060  31 N23  54
20210524  1001060  32 N22  53
20210524  1001060  36 N28  59
20210524  1001060  37 N27  58
20210524  1001204  33 N21  52
20210524  1001204  34 N20  51
20210524  1001204  39 N25  56
20210525  1001605  33 N21  52
20210525  1001605  34 N20  51
20210525  1001605  39 N25  56
20210525  1001621  33 N21  52
20210525  1001621  38 N26  57
20210525  1001621  39 N25  56
20210525  1001621  44 N29  60
20210526  1002166  55 S13  24
20210526  1002229  71 S20   8
20210526  1002235  71 S20   8
20210526  1002242  71 S20   8
20210526  1002248  71 S20   8
20210529  1003172  71 S20   8
20210529  1003173  71 S20   8
20210529  1003178  71 S20   8
20210529  1003179  71 S20   8
20210529  1003184  71 S20   8
20210529  1003185  71 S20   8
20210530  1003340  14  N4  35
20210530  1003340  20 N11  42
20210530  1003358  20 N11  42
20210530  1003358  21 N10  41
20210530  1003358  26 N17  48
20210530  1003358  27 N16  47
20210530  1003417  44 N29  60
20210530  1003417 nan nan  57
20210530  1003417 nan nan  52
20210530  1003417 nan nan  11
20210530  1003417 nan nan   6
20210530  1003449  74 S27   6
20210530  1003449  75 S26   5
20210530  1003449  79 S31   3
20210530  1003449  80 S30   2
20210530  1003449 nan nan  57
20210530  1003449 nan nan  58
20210531  1003692  67 S24  12
20210531  1003723  20 N11  42
20210531  1003723  21 N10  41
20210531  1003723  26 N17  48
20210531  1003821  50  S5  29
20210531  1003821 nan nan  36
20210531  1003821 nan nan  27
20210531  1003821 nan nan  28
20210531  1003821 nan nan  34
20210531  1003821 nan nan  35
20210531  1003822 nan nan  4
20210531  1003822 nan nan  8
20210531  1003822 nan nan  9
20210531  1003823 nan nan  1
20210531  1003823 nan nan  2
20210531  1003823 nan nan  5
20210531  1003826 nan nan  57
20210531  1003826 nan nan  58
20210531  1003841  24 N19  50
20210531  1003841  25 N18  49
20210531  1003841  30 N24  55
20210531  1003841  36 N28  59
20210531  1003861  67 S24  12
20210531  1003861 nan nan  17
20210531  1003861 nan nan  11
20210531  1003896  65 S15  14
20210531  1003896  71 S20   8
20210531  1003896  76 S25   4
20210531  1003933  37 N27  58
20210531  1003933  42 N31  62
20210531  1003933  43 N30  61
20210601  1004489  55 S13  24
20210601  1004507  71 S20   8
20210601  1004508  71 S20   8
20210601  1004513  71 S20   8
20210601  1004514  71 S20   8
20210601  1004519  71 S20   8
20210601  1004520  71 S20   8
20210601  1004526  71 S20   8
20210601  1004527  71 S20   8
20210601  1004532  71 S20   8
20210601  1004533  71 S20   8
20210601  1004539  71 S20   8
20210601  1004540  71 S20   8
20210601  1004545  71 S20   8
20210601  1004546  71 S20   8
20210715  1016475  13  N5  36
20210715  1016475  19 N12  43
20210716  1016700  66 S14  13
20210716  1016700  71 S20   8
20210716  1016707  20 N11  42
20210717  1017007  50  S5  29
20210717  1017007  51  S4  28
20210717  1017007  57 S11  22
20210717  1017043  33 N21  52
20210717  1017043  34 N20  51
20210717  1017043  39 N25  56
20210717  1017044  48  S7  31
20210717  1017044  49  S6  30
20210717  1017044  55 S13  24
20210717  1017173  61 S19  18
20210717  1017173  62 S18  17
20210717  1017173 nan nan  23
20210717  1017173 nan nan  24
20210717  1017181  61 S19  18
20210717  1017181  67 S24  12
20210717  1017181 nan nan  17
20210717  1017181 nan nan  30
20210720  1018252  59  S9  20
20210720  1018252  60  S8  19
20210720  1018252  65 S15  14
20210720  1018252  66 S14  13
20210720  1018255  19 N12  43
20210722  1019000  33 N21  52
20210722  1019015  36 N28  59
20210722  1019015 nan nan  58
20210722  1019015 nan nan   4
20210722  1019015 nan nan   8
20210722  1019017  12  N6  37
20210722  1019017  49  S6  30
20210726  1020260  70 S21   9
20210726  1020260  75 S26   5
20210726  1020260 nan nan   4
20210726  1020260 nan nan  34
20210726  1020260 nan nan  40
20210726  1020260 nan nan  41
20210726  1020263  30 N24  55
20210726  1020263  31 N23  54
20210726  1020263  36 N28  59
20210726  1020263  76 S25   4
20210727  1020870  68 S23  11
20210727  1020870  69 S22  10
20210727  1020870  74 S27   6
# DECADE Addition
20201122  957205  37 N27  58
20201122  957205  42 N31  62
20201122  957206  17  N1  32
20201122  957206  23  N8  39
20210121  958846  16  N2  33
20210121  958846  53  S2  26
20210123  959430  16  N2  33
20210123  959430  17  N1  32
20210123  959430  23  N8  39
20210123  959432  11  N7  38
20210126  960494  52  S3  27
20210126  960494  58 S10  21
20210126  960494  59  S9  20
20210126  960494  64 S16  15
20210126  960494  65 S15  14
20210127  960801  16  N2  33
20210127  960801  17  N1  32
20210127  960801  53  S2  26
20210127  960801  54  S1  25
20210127  960934  26 N17  48
20210127  960934  27 N16  47
20210127  960934  32 N22  53
20210127  960934  37 N27  58
20210127  960934  38 N26  57
20210407  982213  38 N26  57
20210407  982213  39 N25  56
20210407  982213  44 N29  60
20210407  982213  68 S23  11
20210407  982213  73 S28   7
20210407  982213  74 S27   6
20210407  982213  79 S31   3
20210501  992227  nan nan 47
20201025  948878  nan nan  1
20201025  948878  nan nan  2
20201025  948878  nan nan 28 
20201118  955613  nan nan  8
20201118  955635  nan nan 51
20201118  955745  nan nan 21
