#date     expnum ccd id ccdnum
# Backplane 4
20131124  257828 nan nan  28
20131124  257828 nan nan  29
20131124  257828 nan nan  30
20131124  257828 nan nan  31
20131124  257828 nan nan  35
20131124  257828 nan nan  36
20131124  257828 nan nan  37
20131124  257828 nan nan  38
20131124  257846 nan nan  28
20131124  257846 nan nan  29
20131124  257846 nan nan  30
20131124  257846 nan nan  31
20131124  257846 nan nan  35
20131124  257846 nan nan  36
20131124  257846 nan nan  37
20131124  257846 nan nan  38
20131124  257848 nan nan  28
20131124  257848 nan nan  29
20131124  257848 nan nan  30
20131124  257848 nan nan  31
20131124  257848 nan nan  35
20131124  257848 nan nan  36
20131124  257848 nan nan  37
20131124  257848 nan nan  38
# 
20131127  258252 nan nan  28
20131127  258252 nan nan  29
20131127  258252 nan nan  30
20131127  258252 nan nan  31
20131127  258252 nan nan  35
20131127  258252 nan nan  36
20131127  258252 nan nan  37
20131127  258252 nan nan  38
# 
20131127  258263 nan nan  28
20131127  258263 nan nan  29
20131127  258263 nan nan  30
20131127  258263 nan nan  31
20131127  258263 nan nan  35
20131127  258263 nan nan  36
20131127  258263 nan nan  37
20131127  258263 nan nan  38
# Corrupted Flat
20140719 339224  nan nan  32
20141023 370932  nan nan  29
# readout
20130717 220005  nan nan   7
20130717 220005  nan nan  12
20130717 220005  nan nan  24
20130717 220006  nan nan   7
20130717 220006  nan nan  12
20130717 220006  nan nan  24
### DES Y1 ###
20131113  253899  76 S25   4
20131113  253899  71 S20   8
20131113  253899  66 S14  13
20131113  253899  65 S15  14
20131113  253899  60  S8  19
20131113  253899  59  S9  20
20131113  253899  54  S1  25
20131113  253899  53  S2  26
20131113  253899  52  S3  27
20131113  253899  17  N1  32
20131113  253899  16  N2  33
20131113  253899  15  N3  34
20131113  253899  23  N8  39
20131113  253899  22  N9  40
20131113  253899  29 N14  45
20131113  253899  28 N15  46
20131113  253899  34 N20  51
20131113  253899  39 N25  56
20131113  253900  76 S25   4
20131113  253900  71 S20   8
20131113  253900  66 S14  13
20131113  253900  65 S15  14
20131113  253900  60  S8  19
20131113  253900  59  S9  20
20131113  253900  54  S1  25
20131113  253900  53  S2  26
20131113  253900  52  S3  27
20131113  253900  17  N1  32
20131113  253900  16  N2  33
20131113  253900  15  N3  34
20131113  253900  23  N8  39
20131113  253900  22  N9  40
20131113  253900  29 N14  45
20131113  253900  28 N15  46
20131113  253900  34 N20  51
20131113  253900  39 N25  56
20131113  253901  76 S25   4
20131113  253901  71 S20   8
20131113  253901  66 S14  13
20131113  253901  65 S15  14
20131113  253901  60  S8  19
20131113  253901  59  S9  20
20131113  253901  54  S1  25
20131113  253901  53  S2  26
20131113  253901  52  S3  27
20131113  253901  17  N1  32
20131113  253901  16  N2  33
20131113  253901  15  N3  34
20131113  253901  23  N8  39
20131113  253901  22  N9  40
20131113  253901  29 N14  45
20131113  253901  28 N15  46
20131113  253901  34 N20  51
20131113  253901  39 N25  56
20131113  253902  76 S25   4
20131113  253902  71 S20   8
20131113  253902  66 S14  13
20131113  253902  65 S15  14
20131113  253902  60  S8  19
20131113  253902  59  S9  20
20131113  253902  54  S1  25
20131113  253902  53  S2  26
20131113  253902  52  S3  27
20131113  253902  17  N1  32
20131113  253902  16  N2  33
20131113  253902  15  N3  34
20131113  253902  23  N8  39
20131113  253902  22  N9  40
20131113  253902  29 N14  45
20131113  253902  28 N15  46
20131113  253902  34 N20  51
20131113  253902  39 N25  56
20131113  253903  76 S25   4
20131113  253903  71 S20   8
20131113  253903  66 S14  13
20131113  253903  65 S15  14
20131113  253903  60  S8  19
20131113  253903  59  S9  20
20131113  253903  54  S1  25
20131113  253903  53  S2  26
20131113  253903  52  S3  27
20131113  253903  17  N1  32
20131113  253903  16  N2  33
20131113  253903  15  N3  34
20131113  253903  23  N8  39
20131113  253903  22  N9  40
20131113  253903  29 N14  45
20131113  253903  28 N15  46
20131113  253903  34 N20  51
20131113  253903  39 N25  56
20131113  253904  76 S25   4
20131113  253904  71 S20   8
20131113  253904  66 S14  13
20131113  253904  65 S15  14
20131113  253904  60  S8  19
20131113  253904  59  S9  20
20131113  253904  54  S1  25
20131113  253904  53  S2  26
20131113  253904  52  S3  27
20131113  253904  17  N1  32
20131113  253904  16  N2  33
20131113  253904  15  N3  34
20131113  253904  23  N8  39
20131113  253904  22  N9  40
20131113  253904  29 N14  45
20131113  253904  28 N15  46
20131113  253904  34 N20  51
20131113  253904  39 N25  56
20131113  253905  76 S25   4
20131113  253905  71 S20   8
20131113  253905  66 S14  13
20131113  253905  65 S15  14
20131113  253905  60  S8  19
20131113  253905  59  S9  20
20131113  253905  54  S1  25
20131113  253905  53  S2  26
20131113  253905  52  S3  27
20131113  253905  17  N1  32
20131113  253905  16  N2  33
20131113  253905  15  N3  34
20131113  253905  23  N8  39
20131113  253905  22  N9  40
20131113  253905  29 N14  45
20131113  253905  28 N15  46
20131113  253905  34 N20  51
20131113  253905  39 N25  56
20131113  253906  76 S25   4
20131113  253906  71 S20   8
20131113  253906  66 S14  13
20131113  253906  65 S15  14
20131113  253906  60  S8  19
20131113  253906  59  S9  20
20131113  253906  54  S1  25
20131113  253906  53  S2  26
20131113  253906  52  S3  27
20131113  253906  17  N1  32
20131113  253906  16  N2  33
20131113  253906  15  N3  34
20131113  253906  23  N8  39
20131113  253906  22  N9  40
20131113  253906  29 N14  45
20131113  253906  28 N15  46
20131113  253906  34 N20  51
20131113  253906  39 N25  56
20131113  253907  76 S25   4
20131113  253907  71 S20   8
20131113  253907  66 S14  13
20131113  253907  65 S15  14
20131113  253907  60  S8  19
20131113  253907  59  S9  20
20131113  253907  54  S1  25
20131113  253907  53  S2  26
20131113  253907  52  S3  27
20131113  253907  17  N1  32
20131113  253907  16  N2  33
20131113  253907  15  N3  34
20131113  253907  23  N8  39
20131113  253907  22  N9  40
20131113  253907  29 N14  45
20131113  253907  28 N15  46
20131113  253907  34 N20  51
20131113  253907  39 N25  56
20131113  253908  76 S25   4
20131113  253908  71 S20   8
20131113  253908  66 S14  13
20131113  253908  65 S15  14
20131113  253908  60  S8  19
20131113  253908  59  S9  20
20131113  253908  54  S1  25
20131113  253908  53  S2  26
20131113  253908  52  S3  27
20131113  253908  17  N1  32
20131113  253908  16  N2  33
20131113  253908  15  N3  34
20131113  253908  23  N8  39
20131113  253908  22  N9  40
20131113  253908  29 N14  45
20131113  253908  28 N15  46
20131113  253908  34 N20  51
20131113  253908  39 N25  56
20131113  253909  76 S25   4
20131113  253909  71 S20   8
20131113  253909  66 S14  13
20131113  253909  65 S15  14
20131113  253909  60  S8  19
20131113  253909  59  S9  20
20131113  253909  54  S1  25
20131113  253909  53  S2  26
20131113  253909  52  S3  27
20131113  253909  17  N1  32
20131113  253909  16  N2  33
20131113  253909  15  N3  34
20131113  253909  23  N8  39
20131113  253909  22  N9  40
20131113  253909  29 N14  45
20131113  253909  28 N15  46
20131113  253909  34 N20  51
20131113  253909  39 N25  56
20131113  253910  76 S25   4
20131113  253910  71 S20   8
20131113  253910  66 S14  13
20131113  253910  65 S15  14
20131113  253910  60  S8  19
20131113  253910  59  S9  20
20131113  253910  54  S1  25
20131113  253910  53  S2  26
20131113  253910  52  S3  27
20131113  253910  17  N1  32
20131113  253910  16  N2  33
20131113  253910  15  N3  34
20131113  253910  23  N8  39
20131113  253910  22  N9  40
20131113  253910  29 N14  45
20131113  253910  28 N15  46
20131113  253910  34 N20  51
20131113  253910  39 N25  56
20131113  253911  76 S25   4
20131113  253911  71 S20   8
20131113  253911  66 S14  13
20131113  253911  65 S15  14
20131113  253911  60  S8  19
20131113  253911  59  S9  20
20131113  253911  54  S1  25
20131113  253911  53  S2  26
20131113  253911  52  S3  27
20131113  253911  17  N1  32
20131113  253911  16  N2  33
20131113  253911  15  N3  34
20131113  253911  23  N8  39
20131113  253911  22  N9  40
20131113  253911  29 N14  45
20131113  253911  28 N15  46
20131113  253911  34 N20  51
20131113  253911  39 N25  56
20131113  253912  76 S25   4
20131113  253912  71 S20   8
20131113  253912  66 S14  13
20131113  253912  65 S15  14
20131113  253912  60  S8  19
20131113  253912  59  S9  20
20131113  253912  54  S1  25
20131113  253912  53  S2  26
20131113  253912  52  S3  27
20131113  253912  17  N1  32
20131113  253912  16  N2  33
20131113  253912  15  N3  34
20131113  253912  23  N8  39
20131113  253912  22  N9  40
20131113  253912  29 N14  45
20131113  253912  28 N15  46
20131113  253912  34 N20  51
20131113  253912  39 N25  56
20131113  253913  76 S25   4
20131113  253913  71 S20   8
20131113  253913  66 S14  13
20131113  253913  65 S15  14
20131113  253913  60  S8  19
20131113  253913  59  S9  20
20131113  253913  54  S1  25
20131113  253913  53  S2  26
20131113  253913  52  S3  27
20131113  253913  17  N1  32
20131113  253913  16  N2  33
20131113  253913  15  N3  34
20131113  253913  23  N8  39
20131113  253913  22  N9  40
20131113  253913  29 N14  45
20131113  253913  28 N15  46
20131113  253913  34 N20  51
20131113  253913  39 N25  56
20131113  253914  76 S25   4
20131113  253914  71 S20   8
20131113  253914  66 S14  13
20131113  253914  65 S15  14
20131113  253914  60  S8  19
20131113  253914  59  S9  20
20131113  253914  54  S1  25
20131113  253914  53  S2  26
20131113  253914  52  S3  27
20131113  253914  17  N1  32
20131113  253914  16  N2  33
20131113  253914  15  N3  34
20131113  253914  23  N8  39
20131113  253914  22  N9  40
20131113  253914  29 N14  45
20131113  253914  28 N15  46
20131113  253914  34 N20  51
20131113  253914  39 N25  56
20131113  253925  76 S25   4
20131113  253925  71 S20   8
20131113  253925  66 S14  13
20131113  253925  65 S15  14
20131113  253925  60  S8  19
20131113  253925  59  S9  20
20131113  253925  54  S1  25
20131113  253925  53  S2  26
20131113  253925  52  S3  27
20131113  253925  17  N1  32
20131113  253925  16  N2  33
20131113  253925  15  N3  34
20131113  253925  23  N8  39
20131113  253925  22  N9  40
20131113  253925  29 N14  45
20131113  253925  28 N15  46
20131113  253925  34 N20  51
20131113  253925  39 N25  56
20131113  253926  76 S25   4
20131113  253926  71 S20   8
20131113  253926  66 S14  13
20131113  253926  65 S15  14
20131113  253926  60  S8  19
20131113  253926  59  S9  20
20131113  253926  54  S1  25
20131113  253926  53  S2  26
20131113  253926  52  S3  27
20131113  253926  17  N1  32
20131113  253926  16  N2  33
20131113  253926  15  N3  34
20131113  253926  23  N8  39
20131113  253926  22  N9  40
20131113  253926  29 N14  45
20131113  253926  28 N15  46
20131113  253926  34 N20  51
20131113  253926  39 N25  56
20131113  253927  76 S25   4
20131113  253927  71 S20   8
20131113  253927  66 S14  13
20131113  253927  65 S15  14
20131113  253927  60  S8  19
20131113  253927  59  S9  20
20131113  253927  54  S1  25
20131113  253927  53  S2  26
20131113  253927  52  S3  27
20131113  253927  17  N1  32
20131113  253927  16  N2  33
20131113  253927  15  N3  34
20131113  253927  23  N8  39
20131113  253927  22  N9  40
20131113  253927  29 N14  45
20131113  253927  28 N15  46
20131113  253927  34 N20  51
20131113  253927  39 N25  56
20131113  253930  76 S25   4
20131113  253930  71 S20   8
20131113  253930  66 S14  13
20131113  253930  65 S15  14
20131113  253930  60  S8  19
20131113  253930  59  S9  20
20131113  253930  54  S1  25
20131113  253930  53  S2  26
20131113  253930  52  S3  27
20131113  253930  17  N1  32
20131113  253930  16  N2  33
20131113  253930  15  N3  34
20131113  253930  23  N8  39
20131113  253930  22  N9  40
20131113  253930  29 N14  45
20131113  253930  28 N15  46
20131113  253930  34 N20  51
20131113  253930  39 N25  56
20131113  253931  76 S25   4
20131113  253931  71 S20   8
20131113  253931  66 S14  13
20131113  253931  65 S15  14
20131113  253931  60  S8  19
20131113  253931  59  S9  20
20131113  253931  54  S1  25
20131113  253931  53  S2  26
20131113  253931  52  S3  27
20131113  253931  17  N1  32
20131113  253931  16  N2  33
20131113  253931  15  N3  34
20131113  253931  23  N8  39
20131113  253931  22  N9  40
20131113  253931  29 N14  45
20131113  253931  28 N15  46
20131113  253931  34 N20  51
20131113  253931  39 N25  56
20131113  253932  76 S25   4
20131113  253932  71 S20   8
20131113  253932  66 S14  13
20131113  253932  65 S15  14
20131113  253932  60  S8  19
20131113  253932  59  S9  20
20131113  253932  54  S1  25
20131113  253932  53  S2  26
20131113  253932  52  S3  27
20131113  253932  17  N1  32
20131113  253932  16  N2  33
20131113  253932  15  N3  34
20131113  253932  23  N8  39
20131113  253932  22  N9  40
20131113  253932  29 N14  45
20131113  253932  28 N15  46
20131113  253932  34 N20  51
20131113  253932  39 N25  56
20131113  253933  76 S25   4
20131113  253933  71 S20   8
20131113  253933  66 S14  13
20131113  253933  65 S15  14
20131113  253933  60  S8  19
20131113  253933  59  S9  20
20131113  253933  54  S1  25
20131113  253933  53  S2  26
20131113  253933  52  S3  27
20131113  253933  17  N1  32
20131113  253933  16  N2  33
20131113  253933  15  N3  34
20131113  253933  23  N8  39
20131113  253933  22  N9  40
20131113  253933  29 N14  45
20131113  253933  28 N15  46
20131113  253933  34 N20  51
20131113  253933  39 N25  56
20131113  253934  76 S25   4
20131113  253934  71 S20   8
20131113  253934  66 S14  13
20131113  253934  65 S15  14
20131113  253934  60  S8  19
20131113  253934  59  S9  20
20131113  253934  54  S1  25
20131113  253934  53  S2  26
20131113  253934  52  S3  27
20131113  253934  17  N1  32
20131113  253934  16  N2  33
20131113  253934  15  N3  34
20131113  253934  23  N8  39
20131113  253934  22  N9  40
20131113  253934  29 N14  45
20131113  253934  28 N15  46
20131113  253934  34 N20  51
20131113  253934  39 N25  56
20131113  253935  76 S25   4
20131113  253935  71 S20   8
20131113  253935  66 S14  13
20131113  253935  65 S15  14
20131113  253935  60  S8  19
20131113  253935  59  S9  20
20131113  253935  54  S1  25
20131113  253935  53  S2  26
20131113  253935  52  S3  27
20131113  253935  17  N1  32
20131113  253935  16  N2  33
20131113  253935  15  N3  34
20131113  253935  23  N8  39
20131113  253935  22  N9  40
20131113  253935  29 N14  45
20131113  253935  28 N15  46
20131113  253935  34 N20  51
20131113  253935  39 N25  56
20131113  253936  76 S25   4
20131113  253936  71 S20   8
20131113  253936  66 S14  13
20131113  253936  65 S15  14
20131113  253936  60  S8  19
20131113  253936  59  S9  20
20131113  253936  54  S1  25
20131113  253936  53  S2  26
20131113  253936  52  S3  27
20131113  253936  17  N1  32
20131113  253936  16  N2  33
20131113  253936  15  N3  34
20131113  253936  23  N8  39
20131113  253936  22  N9  40
20131113  253936  29 N14  45
20131113  253936  28 N15  46
20131113  253936  34 N20  51
20131113  253936  39 N25  56
20131113  253937  76 S25   4
20131113  253937  71 S20   8
20131113  253937  66 S14  13
20131113  253937  65 S15  14
20131113  253937  60  S8  19
20131113  253937  59  S9  20
20131113  253937  54  S1  25
20131113  253937  53  S2  26
20131113  253937  52  S3  27
20131113  253937  17  N1  32
20131113  253937  16  N2  33
20131113  253937  15  N3  34
20131113  253937  23  N8  39
20131113  253937  22  N9  40
20131113  253937  29 N14  45
20131113  253937  28 N15  46
20131113  253937  34 N20  51
20131113  253937  39 N25  56
20131113  253938  76 S25   4
20131113  253938  71 S20   8
20131113  253938  66 S14  13
20131113  253938  65 S15  14
20131113  253938  60  S8  19
20131113  253938  59  S9  20
20131113  253938  54  S1  25
20131113  253938  53  S2  26
20131113  253938  52  S3  27
20131113  253938  17  N1  32
20131113  253938  16  N2  33
20131113  253938  15  N3  34
20131113  253938  23  N8  39
20131113  253938  22  N9  40
20131113  253938  29 N14  45
20131113  253938  28 N15  46
20131113  253938  34 N20  51
20131113  253938  39 N25  56
20131113  253939  76 S25   4
20131113  253939  71 S20   8
20131113  253939  66 S14  13
20131113  253939  65 S15  14
20131113  253939  60  S8  19
20131113  253939  59  S9  20
20131113  253939  54  S1  25
20131113  253939  53  S2  26
20131113  253939  52  S3  27
20131113  253939  17  N1  32
20131113  253939  16  N2  33
20131113  253939  15  N3  34
20131113  253939  23  N8  39
20131113  253939  22  N9  40
20131113  253939  29 N14  45
20131113  253939  28 N15  46
20131113  253939  34 N20  51
20131113  253939  39 N25  56
20131113  253940  76 S25   4
20131113  253940  71 S20   8
20131113  253940  66 S14  13
20131113  253940  65 S15  14
20131113  253940  60  S8  19
20131113  253940  59  S9  20
20131113  253940  54  S1  25
20131113  253940  53  S2  26
20131113  253940  52  S3  27
20131113  253940  17  N1  32
20131113  253940  16  N2  33
20131113  253940  15  N3  34
20131113  253940  23  N8  39
20131113  253940  22  N9  40
20131113  253940  29 N14  45
20131113  253940  28 N15  46
20131113  253940  34 N20  51
20131113  253940  39 N25  56
20131128  258438  76 S25   4
20131128  258438  71 S20   8
20131128  258438  66 S14  13
20131128  258438  65 S15  14
20131128  258438  60  S8  19
20131128  258438  59  S9  20
20131128  258438  54  S1  25
20131128  258438  53  S2  26
20131128  258438  52  S3  27
20131128  258438  17  N1  32
20131128  258438  16  N2  33
20131128  258438  15  N3  34
20131128  258438  23  N8  39
20131128  258438  22  N9  40
20131128  258438  29 N14  45
20131128  258438  28 N15  46
20131128  258438  34 N20  51
20131128  258438  39 N25  56
20131128  258439  76 S25   4
20131128  258439  71 S20   8
20131128  258439  66 S14  13
20131128  258439  65 S15  14
20131128  258439  60  S8  19
20131128  258439  59  S9  20
20131128  258439  54  S1  25
20131128  258439  53  S2  26
20131128  258439  52  S3  27
20131128  258439  17  N1  32
20131128  258439  16  N2  33
20131128  258439  15  N3  34
20131128  258439  23  N8  39
20131128  258439  22  N9  40
20131128  258439  29 N14  45
20131128  258439  28 N15  46
20131128  258439  34 N20  51
20131128  258439  39 N25  56
20131128  258440  76 S25   4
20131128  258440  71 S20   8
20131128  258440  66 S14  13
20131128  258440  65 S15  14
20131128  258440  60  S8  19
20131128  258440  59  S9  20
20131128  258440  54  S1  25
20131128  258440  53  S2  26
20131128  258440  52  S3  27
20131128  258440  17  N1  32
20131128  258440  16  N2  33
20131128  258440  15  N3  34
20131128  258440  23  N8  39
20131128  258440  22  N9  40
20131128  258440  29 N14  45
20131128  258440  28 N15  46
20131128  258440  34 N20  51
20131128  258440  39 N25  56
20131128  258441  76 S25   4
20131128  258441  71 S20   8
20131128  258441  66 S14  13
20131128  258441  65 S15  14
20131128  258441  60  S8  19
20131128  258441  59  S9  20
20131128  258441  54  S1  25
20131128  258441  53  S2  26
20131128  258441  52  S3  27
20131128  258441  17  N1  32
20131128  258441  16  N2  33
20131128  258441  15  N3  34
20131128  258441  23  N8  39
20131128  258441  22  N9  40
20131128  258441  29 N14  45
20131128  258441  28 N15  46
20131128  258441  34 N20  51
20131128  258441  39 N25  56
20131128  258442  76 S25   4
20131128  258442  71 S20   8
20131128  258442  66 S14  13
20131128  258442  65 S15  14
20131128  258442  60  S8  19
20131128  258442  59  S9  20
20131128  258442  54  S1  25
20131128  258442  53  S2  26
20131128  258442  52  S3  27
20131128  258442  17  N1  32
20131128  258442  16  N2  33
20131128  258442  15  N3  34
20131128  258442  23  N8  39
20131128  258442  22  N9  40
20131128  258442  29 N14  45
20131128  258442  28 N15  46
20131128  258442  34 N20  51
20131128  258442  39 N25  56
20131128  258466  76 S25   4
20131128  258466  71 S20   8
20131128  258466  66 S14  13
20131128  258466  65 S15  14
20131128  258466  60  S8  19
20131128  258466  59  S9  20
20131128  258466  54  S1  25
20131128  258466  53  S2  26
20131128  258466  52  S3  27
20131128  258466  17  N1  32
20131128  258466  16  N2  33
20131128  258466  15  N3  34
20131128  258466  23  N8  39
20131128  258466  22  N9  40
20131128  258466  29 N14  45
20131128  258466  28 N15  46
20131128  258466  34 N20  51
20131128  258466  39 N25  56
20131128  258467  76 S25   4
20131128  258467  71 S20   8
20131128  258467  66 S14  13
20131128  258467  65 S15  14
20131128  258467  60  S8  19
20131128  258467  59  S9  20
20131128  258467  54  S1  25
20131128  258467  53  S2  26
20131128  258467  52  S3  27
20131128  258467  17  N1  32
20131128  258467  16  N2  33
20131128  258467  15  N3  34
20131128  258467  23  N8  39
20131128  258467  22  N9  40
20131128  258467  29 N14  45
20131128  258467  28 N15  46
20131128  258467  34 N20  51
20131128  258467  39 N25  56
20131128  258468  76 S25   4
20131128  258468  71 S20   8
20131128  258468  66 S14  13
20131128  258468  65 S15  14
20131128  258468  60  S8  19
20131128  258468  59  S9  20
20131128  258468  54  S1  25
20131128  258468  53  S2  26
20131128  258468  52  S3  27
20131128  258468  17  N1  32
20131128  258468  16  N2  33
20131128  258468  15  N3  34
20131128  258468  23  N8  39
20131128  258468  22  N9  40
20131128  258468  29 N14  45
20131128  258468  28 N15  46
20131128  258468  34 N20  51
20131128  258468  39 N25  56
20131128  258469  76 S25   4
20131128  258469  71 S20   8
20131128  258469  66 S14  13
20131128  258469  65 S15  14
20131128  258469  60  S8  19
20131128  258469  59  S9  20
20131128  258469  54  S1  25
20131128  258469  53  S2  26
20131128  258469  52  S3  27
20131128  258469  17  N1  32
20131128  258469  16  N2  33
20131128  258469  15  N3  34
20131128  258469  23  N8  39
20131128  258469  22  N9  40
20131128  258469  29 N14  45
20131128  258469  28 N15  46
20131128  258469  34 N20  51
20131128  258469  39 N25  56
20131128  258472  76 S25   4
20131128  258472  71 S20   8
20131128  258472  66 S14  13
20131128  258472  65 S15  14
20131128  258472  60  S8  19
20131128  258472  59  S9  20
20131128  258472  54  S1  25
20131128  258472  53  S2  26
20131128  258472  52  S3  27
20131128  258472  17  N1  32
20131128  258472  16  N2  33
20131128  258472  15  N3  34
20131128  258472  23  N8  39
20131128  258472  22  N9  40
20131128  258472  29 N14  45
20131128  258472  28 N15  46
20131128  258472  34 N20  51
20131128  258472  39 N25  56
20131128  258473  76 S25   4
20131128  258473  71 S20   8
20131128  258473  66 S14  13
20131128  258473  65 S15  14
20131128  258473  60  S8  19
20131128  258473  59  S9  20
20131128  258473  54  S1  25
20131128  258473  53  S2  26
20131128  258473  52  S3  27
20131128  258473  17  N1  32
20131128  258473  16  N2  33
20131128  258473  15  N3  34
20131128  258473  23  N8  39
20131128  258473  22  N9  40
20131128  258473  29 N14  45
20131128  258473  28 N15  46
20131128  258473  34 N20  51
20131128  258473  39 N25  56
20131128  258474  76 S25   4
20131128  258474  71 S20   8
20131128  258474  66 S14  13
20131128  258474  65 S15  14
20131128  258474  60  S8  19
20131128  258474  59  S9  20
20131128  258474  54  S1  25
20131128  258474  53  S2  26
20131128  258474  52  S3  27
20131128  258474  17  N1  32
20131128  258474  16  N2  33
20131128  258474  15  N3  34
20131128  258474  23  N8  39
20131128  258474  22  N9  40
20131128  258474  29 N14  45
20131128  258474  28 N15  46
20131128  258474  34 N20  51
20131128  258474  39 N25  56
20131128  258475  76 S25   4
20131128  258475  71 S20   8
20131128  258475  66 S14  13
20131128  258475  65 S15  14
20131128  258475  60  S8  19
20131128  258475  59  S9  20
20131128  258475  54  S1  25
20131128  258475  53  S2  26
20131128  258475  52  S3  27
20131128  258475  17  N1  32
20131128  258475  16  N2  33
20131128  258475  15  N3  34
20131128  258475  23  N8  39
20131128  258475  22  N9  40
20131128  258475  29 N14  45
20131128  258475  28 N15  46
20131128  258475  34 N20  51
20131128  258475  39 N25  56
20131128  258476  76 S25   4
20131128  258476  71 S20   8
20131128  258476  66 S14  13
20131128  258476  65 S15  14
20131128  258476  60  S8  19
20131128  258476  59  S9  20
20131128  258476  54  S1  25
20131128  258476  53  S2  26
20131128  258476  52  S3  27
20131128  258476  17  N1  32
20131128  258476  16  N2  33
20131128  258476  15  N3  34
20131128  258476  23  N8  39
20131128  258476  22  N9  40
20131128  258476  29 N14  45
20131128  258476  28 N15  46
20131128  258476  34 N20  51
20131128  258476  39 N25  56
20131128  258478  76 S25   4
20131128  258478  71 S20   8
20131128  258478  66 S14  13
20131128  258478  65 S15  14
20131128  258478  60  S8  19
20131128  258478  59  S9  20
20131128  258478  54  S1  25
20131128  258478  53  S2  26
20131128  258478  52  S3  27
20131128  258478  17  N1  32
20131128  258478  16  N2  33
20131128  258478  15  N3  34
20131128  258478  23  N8  39
20131128  258478  22  N9  40
20131128  258478  29 N14  45
20131128  258478  28 N15  46
20131128  258478  34 N20  51
20131128  258478  39 N25  56
20131128  258479  76 S25   4
20131128  258479  71 S20   8
20131128  258479  66 S14  13
20131128  258479  65 S15  14
20131128  258479  60  S8  19
20131128  258479  59  S9  20
20131128  258479  54  S1  25
20131128  258479  53  S2  26
20131128  258479  52  S3  27
20131128  258479  17  N1  32
20131128  258479  16  N2  33
20131128  258479  15  N3  34
20131128  258479  23  N8  39
20131128  258479  22  N9  40
20131128  258479  29 N14  45
20131128  258479  28 N15  46
20131128  258479  34 N20  51
20131128  258479  39 N25  56
20131128  258480  76 S25   4
20131128  258480  71 S20   8
20131128  258480  66 S14  13
20131128  258480  65 S15  14
20131128  258480  60  S8  19
20131128  258480  59  S9  20
20131128  258480  54  S1  25
20131128  258480  53  S2  26
20131128  258480  52  S3  27
20131128  258480  17  N1  32
20131128  258480  16  N2  33
20131128  258480  15  N3  34
20131128  258480  23  N8  39
20131128  258480  22  N9  40
20131128  258480  29 N14  45
20131128  258480  28 N15  46
20131128  258480  34 N20  51
20131128  258480  39 N25  56
20131128  258481  76 S25   4
20131128  258481  71 S20   8
20131128  258481  66 S14  13
20131128  258481  65 S15  14
20131128  258481  60  S8  19
20131128  258481  59  S9  20
20131128  258481  54  S1  25
20131128  258481  53  S2  26
20131128  258481  52  S3  27
20131128  258481  17  N1  32
20131128  258481  16  N2  33
20131128  258481  15  N3  34
20131128  258481  23  N8  39
20131128  258481  22  N9  40
20131128  258481  29 N14  45
20131128  258481  28 N15  46
20131128  258481  34 N20  51
20131128  258481  39 N25  56
20131128  258482  76 S25   4
20131128  258482  71 S20   8
20131128  258482  66 S14  13
20131128  258482  65 S15  14
20131128  258482  60  S8  19
20131128  258482  59  S9  20
20131128  258482  54  S1  25
20131128  258482  53  S2  26
20131128  258482  52  S3  27
20131128  258482  17  N1  32
20131128  258482  16  N2  33
20131128  258482  15  N3  34
20131128  258482  23  N8  39
20131128  258482  22  N9  40
20131128  258482  29 N14  45
20131128  258482  28 N15  46
20131128  258482  34 N20  51
20131128  258482  39 N25  56
20131128  258486  76 S25   4
20131128  258486  71 S20   8
20131128  258486  66 S14  13
20131128  258486  65 S15  14
20131128  258486  60  S8  19
20131128  258486  59  S9  20
20131128  258486  54  S1  25
20131128  258486  53  S2  26
20131128  258486  52  S3  27
20131128  258486  17  N1  32
20131128  258486  16  N2  33
20131128  258486  15  N3  34
20131128  258486  23  N8  39
20131128  258486  22  N9  40
20131128  258486  29 N14  45
20131128  258486  28 N15  46
20131128  258486  34 N20  51
20131128  258486  39 N25  56
20131128  258491  76 S25   4
20131128  258491  71 S20   8
20131128  258491  66 S14  13
20131128  258491  65 S15  14
20131128  258491  60  S8  19
20131128  258491  59  S9  20
20131128  258491  54  S1  25
20131128  258491  53  S2  26
20131128  258491  52  S3  27
20131128  258491  17  N1  32
20131128  258491  16  N2  33
20131128  258491  15  N3  34
20131128  258491  23  N8  39
20131128  258491  22  N9  40
20131128  258491  29 N14  45
20131128  258491  28 N15  46
20131128  258491  34 N20  51
20131128  258491  39 N25  56
# Found while hand scanning
20131113  253709 nan nan  04
20131113  253709 nan nan  08
20131113  253709 nan nan  13
20131113  253709 nan nan  14
20131113  253709 nan nan  19
20131113  253709 nan nan  20
20131113  253709 nan nan  25
20131113  253709 nan nan  26
20131113  253709 nan nan  27
20131113  253709 nan nan  32
20131113  253709 nan nan  33
20131113  253709 nan nan  34
20131113  253709 nan nan  39
20131113  253709 nan nan  40
20131113  253709 nan nan  45
20131113  253709 nan nan  46
20131113  253709 nan nan  51
20131113  253709 nan nan  56
20131113  253728 nan nan  04
20131113  253728 nan nan  08
20131113  253728 nan nan  13
20131113  253728 nan nan  14
20131113  253728 nan nan  19
20131113  253728 nan nan  20
20131113  253728 nan nan  25
20131113  253728 nan nan  26
20131113  253728 nan nan  27
20131113  253728 nan nan  32
20131113  253728 nan nan  33
20131113  253728 nan nan  34
20131113  253728 nan nan  39
20131113  253728 nan nan  40
20131113  253728 nan nan  45
20131113  253728 nan nan  46
20131113  253728 nan nan  51
20131113  253728 nan nan  56
20131113  253730 nan nan  25
20131113  253730 nan nan  32
20131113  253788 nan nan  04
20131113  253788 nan nan  08
20131113  253788 nan nan  13
20131113  253788 nan nan  14
20131113  253788 nan nan  19
20131113  253788 nan nan  20
20131113  253788 nan nan  25
20131113  253788 nan nan  26
20131113  253788 nan nan  27
20131113  253788 nan nan  32
20131113  253788 nan nan  33
20131113  253788 nan nan  34
20131113  253788 nan nan  39
20131113  253788 nan nan  40
20131113  253788 nan nan  45
20131113  253788 nan nan  46
20131113  253788 nan nan  51
20131113  253788 nan nan  56
20131113  253900 nan nan  04
20131113  253900 nan nan  08
20131113  253900 nan nan  13
20131113  253900 nan nan  14
20131113  253900 nan nan  19
20131113  253900 nan nan  20
20131113  253900 nan nan  25
20131113  253900 nan nan  26
20131113  253900 nan nan  27
20131113  253900 nan nan  32
20131113  253900 nan nan  33
20131113  253900 nan nan  34
20131113  253900 nan nan  39
20131113  253900 nan nan  40
20131113  253900 nan nan  45
20131113  253900 nan nan  46
20131113  253900 nan nan  51
20131113  253900 nan nan  56
# From DES Y1
20140117  275354 nan S27   6
# Backplane 1
20131113 253884  nan nan   4
20131113 253884  nan nan   8
20131113 253884  nan nan  13
20131113 253884  nan nan  14
20131113 253884  nan nan  19
20131113 253884  nan nan  20
20131113 253884  nan nan  62
# Backplane 1
20131113 253701  nan nan   4
20131113 253701  nan nan   8
20131113 253701  nan nan  13
20131113 253701  nan nan  14
20131113 253701  nan nan  19
20131113 253701  nan nan  20
20131113 253701  nan nan  25
20131113 253701  nan nan  26
20131113 253701  nan nan  27
20131113 253701  nan nan  32
20131113 253701  nan nan  33
20131113 253701  nan nan  34
20131113 253701  nan nan  39
20131113 253701  nan nan  40
20131113 253701  nan nan  45
20131113 253701  nan nan  46
20131113 253701  nan nan  51
20131113 253701  nan nan  56
# Backplane 1
20131113 253704  nan nan   4
20131113 253704  nan nan   8
20131113 253704  nan nan  13
20131113 253704  nan nan  14
20131113 253704  nan nan  19
20131113 253704  nan nan  20
20131113 253704  nan nan  25
20131113 253704  nan nan  26
20131113 253704  nan nan  27
20131113 253704  nan nan  32
20131113 253704  nan nan  33
20131113 253704  nan nan  34
20131113 253704  nan nan  39
20131113 253704  nan nan  40
20131113 253704  nan nan  45
20131113 253704  nan nan  46
20131113 253704  nan nan  51
20131113 253704  nan nan  56
# Backplane 1
20131113 253724  nan nan   4
20131113 253724  nan nan   8
20131113 253724  nan nan  13
20131113 253724  nan nan  14
20131113 253724  nan nan  19
20131113 253724  nan nan  20
20131113 253724  nan nan  25
20131113 253724  nan nan  26
20131113 253724  nan nan  27
20131113 253724  nan nan  32
20131113 253724  nan nan  33
20131113 253724  nan nan  34
20131113 253724  nan nan  39
20131113 253724  nan nan  40
20131113 253724  nan nan  45
20131113 253724  nan nan  46
20131113 253724  nan nan  51
20131113 253724  nan nan  56
# Backplane 1
20131113 253730  nan nan   4
20131113 253730  nan nan   8
20131113 253730  nan nan  13
20131113 253730  nan nan  14
20131113 253730  nan nan  19
20131113 253730  nan nan  20
20131113 253730  nan nan  25
20131113 253730  nan nan  26
20131113 253730  nan nan  27
20131113 253730  nan nan  32
20131113 253730  nan nan  33
20131113 253730  nan nan  34
20131113 253730  nan nan  39
20131113 253730  nan nan  40
20131113 253730  nan nan  45
20131113 253730  nan nan  46
20131113 253730  nan nan  51
20131113 253730  nan nan  56
# Backplane 1
20131113 253731  nan nan   4
20131113 253731  nan nan   8
20131113 253731  nan nan  13
20131113 253731  nan nan  14
20131113 253731  nan nan  19
20131113 253731  nan nan  20
20131113 253731  nan nan  25
20131113 253731  nan nan  26
20131113 253731  nan nan  27
20131113 253731  nan nan  32
20131113 253731  nan nan  33
20131113 253731  nan nan  34
20131113 253731  nan nan  39
20131113 253731  nan nan  40
20131113 253731  nan nan  45
20131113 253731  nan nan  46
20131113 253731  nan nan  51
20131113 253731  nan nan  56
# Backplane 1
20131113 253732  nan nan   4
20131113 253732  nan nan   8
20131113 253732  nan nan  13
20131113 253732  nan nan  14
20131113 253732  nan nan  19
20131113 253732  nan nan  20
20131113 253732  nan nan  25
20131113 253732  nan nan  26
20131113 253732  nan nan  27
20131113 253732  nan nan  32
20131113 253732  nan nan  33
20131113 253732  nan nan  34
20131113 253732  nan nan  39
20131113 253732  nan nan  40
20131113 253732  nan nan  45
20131113 253732  nan nan  46
20131113 253732  nan nan  51
20131113 253732  nan nan  56
# Backplane 1
20131113 253733  nan nan   4
20131113 253733  nan nan   8
20131113 253733  nan nan  13
20131113 253733  nan nan  14
20131113 253733  nan nan  19
20131113 253733  nan nan  20
20131113 253733  nan nan  25
20131113 253733  nan nan  26
20131113 253733  nan nan  27
20131113 253733  nan nan  32
20131113 253733  nan nan  33
20131113 253733  nan nan  34
20131113 253733  nan nan  39
20131113 253733  nan nan  40
20131113 253733  nan nan  45
20131113 253733  nan nan  46
20131113 253733  nan nan  51
20131113 253733  nan nan  56
# Backplane 1
20131113 253736  nan nan   4
20131113 253736  nan nan   8
20131113 253736  nan nan  13
20131113 253736  nan nan  14
20131113 253736  nan nan  19
20131113 253736  nan nan  20
20131113 253736  nan nan  25
20131113 253736  nan nan  26
20131113 253736  nan nan  27
20131113 253736  nan nan  32
20131113 253736  nan nan  33
20131113 253736  nan nan  34
20131113 253736  nan nan  39
20131113 253736  nan nan  40
20131113 253736  nan nan  45
20131113 253736  nan nan  46
20131113 253736  nan nan  51
20131113 253736  nan nan  56
# Backplane 1
20131113 253781  nan nan   4
20131113 253781  nan nan   8
20131113 253781  nan nan  13
20131113 253781  nan nan  14
20131113 253781  nan nan  19
20131113 253781  nan nan  20
20131113 253781  nan nan  25
20131113 253781  nan nan  26
20131113 253781  nan nan  27
20131113 253781  nan nan  32
20131113 253781  nan nan  33
20131113 253781  nan nan  34
20131113 253781  nan nan  39
20131113 253781  nan nan  40
20131113 253781  nan nan  45
20131113 253781  nan nan  46
20131113 253781  nan nan  51
20131113 253781  nan nan  56
# Backplane 1
20131113 253786  nan nan   4
20131113 253786  nan nan   8
20131113 253786  nan nan  13
20131113 253786  nan nan  14
20131113 253786  nan nan  19
20131113 253786  nan nan  20
20131113 253786  nan nan  25
20131113 253786  nan nan  26
20131113 253786  nan nan  27
20131113 253786  nan nan  32
20131113 253786  nan nan  33
20131113 253786  nan nan  34
20131113 253786  nan nan  39
20131113 253786  nan nan  40
20131113 253786  nan nan  45
20131113 253786  nan nan  46
20131113 253786  nan nan  51
20131113 253786  nan nan  56
# Backplane 1
20131113 253789  nan nan   4
20131113 253789  nan nan   8
20131113 253789  nan nan  13
20131113 253789  nan nan  14
20131113 253789  nan nan  19
20131113 253789  nan nan  20
20131113 253789  nan nan  25
20131113 253789  nan nan  26
20131113 253789  nan nan  27
20131113 253789  nan nan  32
20131113 253789  nan nan  33
20131113 253789  nan nan  34
20131113 253789  nan nan  39
20131113 253789  nan nan  40
20131113 253789  nan nan  45
20131113 253789  nan nan  46
20131113 253789  nan nan  51
20131113 253789  nan nan  56
# Backplane 1
20131113 253812  nan nan   4
20131113 253812  nan nan   8
20131113 253812  nan nan  13
20131113 253812  nan nan  14
20131113 253812  nan nan  19
20131113 253812  nan nan  20
20131113 253812  nan nan  25
20131113 253812  nan nan  26
20131113 253812  nan nan  27
20131113 253812  nan nan  32
20131113 253812  nan nan  33
20131113 253812  nan nan  34
20131113 253812  nan nan  39
20131113 253812  nan nan  40
20131113 253812  nan nan  45
20131113 253812  nan nan  46
20131113 253812  nan nan  51
20131113 253812  nan nan  56
# Backplane 1
20131113 253822  nan nan   4
20131113 253822  nan nan   8
20131113 253822  nan nan  13
20131113 253822  nan nan  14
20131113 253822  nan nan  19
20131113 253822  nan nan  20
20131113 253822  nan nan  25
20131113 253822  nan nan  26
20131113 253822  nan nan  27
20131113 253822  nan nan  32
20131113 253822  nan nan  33
20131113 253822  nan nan  34
20131113 253822  nan nan  39
20131113 253822  nan nan  40
20131113 253822  nan nan  45
20131113 253822  nan nan  46
20131113 253822  nan nan  51
20131113 253822  nan nan  56
# Backplane 1
20131113 253840  nan nan   4
20131113 253840  nan nan   8
20131113 253840  nan nan  13
20131113 253840  nan nan  14
20131113 253840  nan nan  19
20131113 253840  nan nan  20
20131113 253840  nan nan  25
20131113 253840  nan nan  26
20131113 253840  nan nan  27
20131113 253840  nan nan  32
20131113 253840  nan nan  33
20131113 253840  nan nan  34
20131113 253840  nan nan  39
20131113 253840  nan nan  40
20131113 253840  nan nan  45
20131113 253840  nan nan  46
20131113 253840  nan nan  51
20131113 253840  nan nan  56
# Backplane 1
20131113 253870  nan nan   4
20131113 253870  nan nan   8
20131113 253870  nan nan  13
20131113 253870  nan nan  14
20131113 253870  nan nan  19
20131113 253870  nan nan  20
20131113 253870  nan nan  25
20131113 253870  nan nan  26
20131113 253870  nan nan  27
20131113 253870  nan nan  32
20131113 253870  nan nan  33
20131113 253870  nan nan  34
20131113 253870  nan nan  39
20131113 253870  nan nan  40
20131113 253870  nan nan  45
20131113 253870  nan nan  46
20131113 253870  nan nan  51
20131113 253870  nan nan  56
# Backplane 1
20131113 253875  nan nan   4
20131113 253875  nan nan   8
20131113 253875  nan nan  13
20131113 253875  nan nan  14
20131113 253875  nan nan  19
20131113 253875  nan nan  20
20131113 253875  nan nan  25
20131113 253875  nan nan  26
20131113 253875  nan nan  27
20131113 253875  nan nan  32
20131113 253875  nan nan  33
20131113 253875  nan nan  34
20131113 253875  nan nan  39
20131113 253875  nan nan  40
20131113 253875  nan nan  45
20131113 253875  nan nan  46
20131113 253875  nan nan  51
20131113 253875  nan nan  56
# Backplane 1
20131113 253884  nan nan   4
20131113 253884  nan nan   8
20131113 253884  nan nan  13
20131113 253884  nan nan  14
20131113 253884  nan nan  19
20131113 253884  nan nan  20
20131113 253884  nan nan  25
20131113 253884  nan nan  26
20131113 253884  nan nan  27
20131113 253884  nan nan  32
20131113 253884  nan nan  33
20131113 253884  nan nan  34
20131113 253884  nan nan  39
20131113 253884  nan nan  40
20131113 253884  nan nan  45
20131113 253884  nan nan  46
20131113 253884  nan nan  51
20131113 253884  nan nan  56
# Backplane 1
20131113 253885  nan nan   4
20131113 253885  nan nan   8
20131113 253885  nan nan  13
20131113 253885  nan nan  14
20131113 253885  nan nan  19
20131113 253885  nan nan  20
20131113 253885  nan nan  25
20131113 253885  nan nan  26
20131113 253885  nan nan  27
20131113 253885  nan nan  32
20131113 253885  nan nan  33
20131113 253885  nan nan  34
20131113 253885  nan nan  39
20131113 253885  nan nan  40
20131113 253885  nan nan  45
20131113 253885  nan nan  46
20131113 253885  nan nan  51
20131113 253885  nan nan  56
# Backplane 1
20131113 253923  nan nan   4
20131113 253923  nan nan   8
20131113 253923  nan nan  13
20131113 253923  nan nan  14
20131113 253923  nan nan  19
20131113 253923  nan nan  20
20131113 253923  nan nan  25
20131113 253923  nan nan  26
20131113 253923  nan nan  27
20131113 253923  nan nan  32
20131113 253923  nan nan  33
20131113 253923  nan nan  34
20131113 253923  nan nan  39
20131113 253923  nan nan  40
20131113 253923  nan nan  45
20131113 253923  nan nan  46
20131113 253923  nan nan  51
20131113 253923  nan nan  56
# Backplane 1
20131113 253924  nan nan   4
20131113 253924  nan nan   8
20131113 253924  nan nan  13
20131113 253924  nan nan  14
20131113 253924  nan nan  19
20131113 253924  nan nan  20
20131113 253924  nan nan  25
20131113 253924  nan nan  26
20131113 253924  nan nan  27
20131113 253924  nan nan  32
20131113 253924  nan nan  33
20131113 253924  nan nan  34
20131113 253924  nan nan  39
20131113 253924  nan nan  40
20131113 253924  nan nan  45
20131113 253924  nan nan  46
20131113 253924  nan nan  51
20131113 253924  nan nan  56
