#date     expnum ccd id ccdnum
#Airplane
20131102  250171 nan nan   3
20131102  250171 nan nan   6
20131102  250171 nan nan   7
20131102  250171 nan nan  11
20131102  250171 nan nan  17
20131102  250171 nan nan  23
20131102  250171 nan nan  29
20131102  250171 nan nan  36
20131102  250171 nan nan  37
20131102  250171 nan nan  43
20131102  250171 nan nan  49
20131102  250171 nan nan  55
20131102  250171 nan nan  59
20130429  202619 nan nan  13
20130429  202619 nan nan  19
20130429  202619 nan nan  25
20130429  202619 nan nan  32
20130510  205383 nan nan   7
20130510  205383 nan nan  12
20130510  205383 nan nan  18
20130510  205383 nan nan  24
20130510  205383 nan nan  30
20130510  205383 nan nan  37
20130510  205383 nan nan  44
20130510  205383 nan nan  50
# meteor
20130412  196334 nan nan  33
20130412  196334 nan nan  34
# Airplane
20140507  311946 nan nan    8
20140507  311946 nan nan   13
20140507  311946 nan nan   19
20140507  311946 nan nan   25
20140507  311946 nan nan   32
20140507  311946 nan nan   39
20140507  311946 nan nan   45
# Airplane
20140719  339208 nan nan    3
20140719  339208 nan nan    6 
20140719  339208 nan nan    7
20140719  339208 nan nan   11
20140719  339208 nan nan   16
20140719  339208 nan nan   17
20140719  339208 nan nan   22
20140719  339208 nan nan   28
20140719  339208 nan nan   29
20140719  339208 nan nan   35
20140719  339208 nan nan   36
20140719  339208 nan nan   42
20140719  339208 nan nan   48
20140719  339208 nan nan   53
20140719  339208 nan nan   54
20140719  339208 nan nan   57
20140719  339208 nan nan   58
