#date     expnum ccd id ccdnum
20150801  460365  51  S4  28
20150801  460365  57 S11  22
20150801  460365  58 S10  21
20150801  460365  63 S17  16
20150801  460365  64 S16  15
20150801  460368  38 N26  57
20150801  460368  43 N30  61
20150801  460368  44 N29  60
20150801  460368 nan nan   6
20150818  465193  80 S30   2
20150818  465193 nan nan   1
20150818  465193 nan nan   5
20150818  465193 nan nan  41
20150818  465193 nan nan  47
20150818  465193 nan nan  62
20150818  465194  80 S30   2
20150818  465194 nan nan   1
20150818  465194 nan nan   5
20150818  465194 nan nan  41
20150818  465194 nan nan  47
20150818  465194 nan nan  62
20150818  465214  80 S30   2
20150818  465214 nan nan   1
20150818  465214 nan nan   5
20150818  465214 nan nan  41
20150818  465214 nan nan  47
20150818  465214 nan nan  62
20150818  465215  80 S30   2
20150818  465215 nan nan   1
20150818  465215 nan nan   5
20150818  465215 nan nan  41
20150818  465215 nan nan  47
20150818  465215 nan nan  62
20150823  466542  51  S4  28
20150823  466542  57 S11  22
20150823  466542  58 S10  21
20150823  466543  38 N26  57
20150823  466543  43 N30  61
20150823  466543  44 N29  60
20150823  466543 nan nan   6
20150902  470378  51  S4  28
20150902  470378  57 S11  22
20150902  470378  58 S10  21
20150902  470378  63 S17  16
20150902  470378  64 S16  15
20150917  475938  66 S14  13
20150917  475938  71 S20   8
20150917  475957  20 N11  42
20151007  482856  66 S14  13
20151007  482856  71 S20   8
20151010  483648  14  N4  35
20151010  483648  15  N3  34
20151010  483648  21 N10  41
20151010  483648 nan nan  28
20151010  483648 nan nan  22
20151010  483648 nan nan  29
20151010  483762  32 N22  53
20151010  483762  33 N21  52
20151010  483762  38 N26  57
20151010  483762  43 N30  61
20151010  483762  44 N29  60
20151010  483762 nan nan  10
20151010  483762 nan nan  11
20151010  483762 nan nan   6
20151010  483763  43 N30  61
20151010  483763  44 N29  60
20151010  483763 nan nan  57
20151010  483763 nan nan  53
20151010  483763 nan nan   6
20151010  483763 nan nan  10
20151010  483763 nan nan  11
20151010  483816  32 N22  53
20151010  483816  33 N21  52
20151010  483816  38 N26  57
20151010  483816  43 N30  61
20151010  483816  44 N29  60
20151010  483816  68 S23  11
20151010  483816  69 S22  10
20151010  483816  74 S27   6
20151010  483816  75 S26   5
20151127  497133  31 N23  54
20151127  497133  36 N28  59
20151127  497133  42 N31  62
20151127  497133  65 S15  14
20151127  497133  70 S21   9
20151127  497133  71 S20   8
20151127  497133  75 S26   5
20151127  497192  25 N18  49
20151127  497192  31 N23  54
20151127  497229  25 N18  49
20151127  497229  30 N24  55
20151127  497229 nan nan   8
20151127  497260  29 N14  45
20151127  497260  34 N20  51
20151226  505969  67 S24  12
20151226  505969  73 S28   7
20151226  505970  38 N26  57
20151226  505970  39 N25  56
20151226  505970  44 N29  60
20151226  505971  19 N12  43
20151226  505971  24 N19  50
20151226  505971  25 N18  49
20151226  505971  30 N24  55
20151226  505971  31 N23  54
20151226  505971  52  S3  27
20151226  505971  58 S10  21
20151226  505971  59  S9  20
20151226  505971  64 S16  15
20151226  505971  65 S15  14
20151226  505977  36 N28  59
20151226  505977  37 N27  58
20151226  505977  42 N31  62
20151226  505977 nan nan  54
20160107  509125  63 S17  16
20160107  509149  64 S16  15
20160108  509517  65 S15  14
20160108  509517  71 S20   8
20160108  509517 nan nan  20
20160109  509798  59  S9  20
20160109  509798  65 S15  14
20160109  509815  16  N2  33
20160109  509815  53  S2  26
20160109  509815 nan nan  52
20160109  509815 nan nan  53
20160109  509815 nan nan  57
20160109  509818  32 N22  53
20160109  509818 nan nan  47
20160109  509887  80 S30   2
20160109  509888 nan nan   4
20160109  509888  80 S30   2
20160109  509888  81 S29   1
20160109  509900  60  S8  19
20160109  509900  66 S14  13
20160110  510265  20 N11  42
20160110  510265  26 N17  48
20160110  510265 nan nan  54
20160110  510265 nan nan  49
20160110  510265 nan nan  27
20160110  510265 nan nan  28
20160110  510265 nan nan  21
20160110  510265 nan nan  15
20160110  510276  56 S12  23
20160110  510276  62 S18  17
20160110  510276 nan nan  37
20160110  510276 nan nan  27
20160110  510276 nan nan  34
20160110  510276 nan nan  35
20160110  510276 nan nan  40
20160110  510276 nan nan  41
20160114  511511  11  N7  38
20160114  511511  12  N6  37
20160114  511511  18 N13  44
20160114  511513  16  N2  33
20160114  511513  22  N9  40
20160114  511513  23  N8  39
20160114  511513  53  S2  26
20160114  511514  15  N3  34
20160114  511514  16  N2  33
20160114  511514  17  N1  32
20160114  511514  22  N9  40
20160114  511514  23  N8  39
20160114  511514  53  S2  26
20160114  511545  60  S8  19
20160114  511545  66 S14  13
20160114  511545 nan nan  20
20160114  511546  60  S8  19
20160114  511546  66 S14  13
20160114  511546  71 S20   8
20160114  511546 nan nan  20
20160114  511546 nan nan  37
20160114  511546 nan nan  43
20160114  511546 nan nan  49
20160116  512243  22  N9  40
20160116  512243  28 N15  46
20160116  512253  20 N11  42
20160116  512253  26 N17  48
20160116  512252 nan nan  17
20160116  512252 nan nan  23
20160116  512252 nan nan  24
20160116  512252 nan nan  37
20160116  512253 nan nan  54
20160116  512253 nan nan  49
20160116  512253 nan nan  15
20160116  512253 nan nan  21
20160116  512253 nan nan  28
20160116  512253 nan nan  27
20160118  513127  26 N17  48
20160118  513127  27 N16  47
20160118  513127  32 N22  53
20160118  513127  33 N21  52
20160118  513127  63 S17  16
20160118  513127  69 S22  10
20160118  513127  74 S27   6
20160118  513127  75 S26   5
20160118  513131  26 N17  48
20160118  513131  27 N16  47
20160118  513131  32 N22  53
20160118  513131  33 N21  52
20160118  513131  63 S17  16
20160118  513131  69 S22  10
20160118  513131  74 S27   6
20160118  513131  75 S26   5
20160118  513132  26 N17  48
20160118  513132  27 N16  47
20160118  513132  32 N22  53
20160118  513132  33 N21  52
20160118  513132  63 S17  16
20160118  513132  69 S22  10
20160118  513132  74 S27   6
20160118  513132  75 S26   5
20160118  513134  26 N17  48
20160118  513134  27 N16  47
20160118  513134  32 N22  53
20160118  513134  33 N21  52
20160118  513134  63 S17  16
20160118  513134  69 S22  10
20160118  513134  74 S27   6
20160118  513134  75 S26   5
20160118  513137  26 N17  48
20160118  513137  27 N16  47
20160118  513137  32 N22  53
20160118  513137  33 N21  52
20160118  513137  63 S17  16
20160118  513137  69 S22  10
20160118  513137  74 S27   6
20160118  513137  75 S26   5
20160118  513138  26 N17  48
20160118  513138  27 N16  47
20160118  513138  32 N22  53
20160118  513138  33 N21  52
20160118  513138  63 S17  16
20160118  513138  69 S22  10
20160118  513138  74 S27   6
20160118  513138  75 S26   5
20160118  513139  26 N17  48
20160118  513139  27 N16  47
20160118  513139  32 N22  53
20160118  513139  33 N21  52
20160118  513139  63 S17  16
20160118  513139  69 S22  10
20160118  513139  74 S27   6
20160118  513139  75 S26   5
20160118  513140  26 N17  48
20160118  513140  27 N16  47
20160118  513140  32 N22  53
20160118  513140  33 N21  52
20160118  513140  63 S17  16
20160118  513140  69 S22  10
20160118  513140  74 S27   6
20160118  513140  75 S26   5
20160118  513145  27 N16  47
20160118  513145  32 N22  53
20160118  513145  69 S22  10
20160118  513145  74 S27   6
20160118  513145  75 S26   5
20160118  513146  27 N16  47
20160118  513146  32 N22  53
20160118  513146  69 S22  10
20160118  513146  74 S27   6
20160118  513146  75 S26   5
20160118  513147  27 N16  47
20160118  513147  32 N22  53
20160118  513147  69 S22  10
20160118  513147  74 S27   6
20160118  513147  75 S26   5
20160118  513148  27 N16  47
20160118  513148  32 N22  53
20160118  513148  69 S22  10
20160118  513148  74 S27   6
20160118  513148  75 S26   5
20160118  513149  27 N16  47
20160118  513149  32 N22  53
20160118  513149  69 S22  10
20160118  513149  74 S27   6
20160118  513149  75 S26   5
20160118  513150  27 N16  47
20160118  513150  32 N22  53
20160118  513150  69 S22  10
20160118  513150  74 S27   6
20160118  513150  75 S26   5
20160118  513152  27 N16  47
20160118  513152  32 N22  53
20160118  513152  69 S22  10
20160118  513152  74 S27   6
20160118  513152  75 S26   5
20160118  513153  27 N16  47
20160118  513153  32 N22  53
20160118  513153  69 S22  10
20160118  513153  74 S27   6
20160118  513153  75 S26   5
20160118  513154  27 N16  47
20160118  513154  32 N22  53
20160118  513154  69 S22  10
20160118  513154  74 S27   6
20160118  513154  75 S26   5
20160118  513155  27 N16  47
20160118  513155  32 N22  53
20160118  513155  69 S22  10
20160118  513155  74 S27   6
20160118  513155  75 S26   5
20160118  513156  27 N16  47
20160118  513156  32 N22  53
20160118  513156  69 S22  10
20160118  513156  74 S27   6
20160118  513156  75 S26   5
20160118  513157  27 N16  47
20160118  513157  32 N22  53
20160118  513157  69 S22  10
20160118  513157  74 S27   6
20160118  513157  75 S26   5
20160118  513158  27 N16  47
20160118  513158  32 N22  53
20160118  513158  69 S22  10
20160118  513158  74 S27   6
20160118  513158  75 S26   5
20160118  513159  27 N16  47
20160118  513159  32 N22  53
20160118  513159  69 S22  10
20160118  513159  74 S27   6
20160118  513159  75 S26   5
20160118  513160  27 N16  47
20160118  513160  32 N22  53
20160118  513160  69 S22  10
20160118  513160  74 S27   6
20160118  513160  75 S26   5
20160118  513161  27 N16  47
20160118  513161  32 N22  53
20160118  513161  69 S22  10
20160118  513161  74 S27   6
20160118  513161  75 S26   5
20160118  513162  27 N16  47
20160118  513162  32 N22  53
20160118  513162  69 S22  10
20160118  513162  74 S27   6
20160118  513162  75 S26   5
20160210  516146  23  N8  39
20160210  516146  29 N14  45
20160210  516146  34 N20  51
20160210  516146  49  S6  30
20160210  516146  56 S12  23
20160210  516146  62 S18  17
20160210  516147  22  N9  40
20160210  516147  23  N8  39
20160210  516147  28 N15  46
20160210  516147  29 N14  45
20160210  516147  34 N20  51
20160210  516148  14  N4  35
20160210  516148  15  N3  34
20160210  516148  21 N10  41
20160210  516148  22  N9  40
20160210  516148  27 N16  47
20160210  516148  56 S12  23
20160210  516148  61 S19  18
20160210  516148  62 S18  17
20160210  516148  67 S24  12
20160210  516149  56 S12  23
20160210  516149  57 S11  22
20160210  516149  61 S19  18
20160210  516149  62 S18  17
20160210  516149  67 S24  12
20160214  517638  32 N22  53
20160214  517638  33 N21  52
20160214  517638  38 N26  57
20160215  517898  24 N19  50
20160215  517898 nan nan  44
20160215  517898 nan nan  20
20160215  517899  24 N19  50
20160215  517899  30 N24  55
20160215  517912  34 N20  51
20160215  517912 nan nan  12
20160215  517912 nan nan  18
20160215  517913  34 N20  51
20160215  517956  31 N23  54
20160215  517956  36 N28  59
20160215  517956  37 N27  58
20160215  517956  58 S10  21
20160215  517956  63 S17  16
20160215  517956  64 S16  15
20160215  517957  26 N17  48
20160215  517957  31 N23  54
20160215  517957  36 N28  59
20160215  517957  37 N27  58
20160215  517959  75 S26   5
20160215  517959  80 S30   2
20160226  520487  14  N4  35
20160226  520487 nan nan  28
20160226  520488  14  N4  35
20160226  520488 nan nan  28
20160226  520489  14  N4  35
20160226  520489  20 N11  42
20160226  520489  21 N10  41
20160226  520489 nan nan  28
20160226  520560  16  N2  33
20160226  520655  62 S18  17
20160226  520655  67 S24  12
20160226  520655 nan nan   7
20160226  520655 nan nan  51
20160226  520655 nan nan  52
20160226  520656  12  N6  37
20160226  520656  13  N5  36
20160226  520656  15  N3  34
20160226  520656  16  N2  33
20160226  520656  17  N1  32
20160226  520656  19 N12  43
20160226  520656  20 N11  42
20160226  520656  21 N10  41
20160226  520656  22  N9  40
20160226  520656  23  N8  39
20160226  520656  25 N18  49
20160226  520656  26 N17  48
20160226  520656  27 N16  47
20160226  520656  28 N15  46
20160226  520656  29 N14  45
20160226  520656  31 N23  54
20160226  520656  32 N22  53
20160226  520656  33 N21  52
20160226  520656  49  S6  30
20160226  520656  50  S5  29
20160226  520656  52  S3  27
20160226  520656  53  S2  26
20160226  520656  56 S12  23
20160226  520656  57 S11  22
20160226  520656  58 S10  21
20160226  520656  59  S9  20
20160226  520656  60  S8  19
20160226  520656  62 S18  17
20160226  520656  63 S17  16
20160226  520656  64 S16  15
20160226  520656  65 S15  14
20160226  520656  69 S22  10
20160226  520656  70 S21   9
20160227  520952  58 S10  21
20160227  520952  59  S9  20
20160227  520952  65 S15  14
20160229  521624  11  N7  38
20160229  521624  12  N6  37
20160229  521624  18 N13  44
20160229  521624  19 N12  43
20160229  521624  24 N19  50
20160229  521624  53  S2  26
20160229  521624  59  S9  20
20160229  521624  60  S8  19
20160229  521624  65 S15  14
20160229  521624  66 S14  13
20160229  521626  25 N18  49
20160229  521626  30 N24  55
20160229  521626  31 N23  54
20160229  521626  36 N28  59
20160229  521626  37 N27  58
20160229  521626  42 N31  62
20160229  521626  43 N30  61
20160229  521626  70 S21   9
20160229  521626  75 S26   5
20160229  521626  76 S25   4
20160229  521626  80 S30   2
20160229  521626  81 S29   1
20160229  521627  25 N18  49
20160229  521627  30 N24  55
20160229  521627  31 N23  54
20160229  521627  36 N28  59
20160229  521627  37 N27  58
20160229  521627  70 S21   9
20160229  521627  75 S26   5
20160229  521627  76 S25   4
20160229  521627  80 S30   2
20160229  521627  81 S29   1
20160229  521628  34 N20  51
20160229  521809  64 S16  15
20160229  521809  69 S22  10
20160229  521809  70 S21   9
20160229  521809  75 S26   5
20160229  521815  60  S8  19
20160229  521815  66 S14  13
20160229  521860  73 S28   7
20160229  521860  79 S31   3
20160229  521861  39 N25  56
20160301  522023  11  N7  38
20160301  522023  12  N6  37
20160301  522023  17  N1  32
20160301  522023  18 N13  44
20160301  522023  19 N12  43
20160301  522023  24 N19  50
20160301  522023  53  S2  26
20160301  522023  54  S1  25
20160301  522023  59  S9  20
20160301  522023  60  S8  19
20160301  522023  65 S15  14
20160301  522023  66 S14  13
20160301  522023  71 S20   8
20160301  522030  34 N20  51
20160301  522212  12  N6  37
20160301  522212  13  N5  36
20160301  522212  14  N4  35
20160301  522212  15  N3  34
20160301  522212  16  N2  33
20160301  522212  18 N13  44
20160301  522212  19 N12  43
20160301  522212  20 N11  42
20160301  522212  21 N10  41
20160301  522212  22  N9  40
20160301  522212  24 N19  50
20160301  522212  25 N18  49
20160301  522212  26 N17  48
20160301  522212  27 N16  47
20160301  522212  28 N15  46
20160301  522212  30 N24  55
20160301  522212  31 N23  54
20160301  522212  32 N22  53
20160301  522212  33 N21  52
20160301  522212  36 N28  59
20160301  522212  37 N27  58
20160301  522212  42 N31  62
20160301  522212  49  S6  30
20160301  522212  50  S5  29
20160301  522212  52  S3  27
20160301  522212  53  S2  26
20160301  522212  56 S12  23
20160301  522212  57 S11  22
20160301  522212  58 S10  21
20160301  522212  59  S9  20
20160301  522212  60  S8  19
20160301  522212  62 S18  17
20160301  522212  63 S17  16
20160301  522212  64 S16  15
20160301  522212  65 S15  14
20160301  522212  68 S23  11
20160301  522212  69 S22  10
20160301  522212  70 S21   9
20160301  522212  71 S20   8
20160301  522212  74 S27   6
20160301  522212  75 S26   5
20160301  522212 nan nan  28
20160301  522213  37 N27  58
20160301  522213  42 N31  62
20160301  522238  75 S26   5
20160301  522238  76 S25   4
20160301  522238  80 S30   2
20160301  522238  81 S29   1
20160301  522238 nan nan  19
20160301  522238 nan nan  25
20160301  522259  74 S27   6
20160301  522259  79 S31   3
20160301  522259  80 S30   2
20160407  535206  11  N7  38
20160407  535206  48  S7  31
20160407  535206 nan nan  26
20160407  535206 nan nan  33
20160407  535210  54  S1  25
20160407  535210 nan nan  26
20160407  535210 nan nan  32
20160407  535210 nan nan  31
20160407  535210 nan nan  38
20160407  535210 nan nan  44
20160407  535280  12  N6  37
20160407  535280  49  S6  30
20160408  535689  49  S6  30
20160408  535689  55 S13  24
20160408  535689  56 S12  23
20160409  536105  71 S20   8
20160409  536105  76 S25   4
20160409  536105 nan nan  43
20160409  536105 nan nan  49
20160409  536105 nan nan  48
20160410  536448  18 N13  44
20160410  536448  24 N19  50
20160410  536450  17  N1  32
20160410  536450  23  N8  39
20160511  541268  31 N23  54
20160511  541268  36 N28  59
20160511  541268  37 N27  58
20160511  541268  42 N31  62
20160511  541268  58 S10  21
20160511  541268  63 S17  16
20160511  541268  64 S16  15
20160511  541268  69 S22  10
20160511  541268  70 S21   9
20160511  541268 nan nan  40
20160511  541268 nan nan  46
20160511  541269  26 N17  48
20160511  541269  31 N23  54
20160511  541269  32 N22  53
20160511  541269  36 N28  59
20160511  541269  37 N27  58
20160511  541269  42 N31  62
20160511  541269 nan nan  40
20160511  541269 nan nan  46
20160511  541274  32 N22  53
20160511  541274  37 N27  58
20160511  541274  38 N26  57
20160511  541274  42 N31  62
20160511  541274  43 N30  61
20160511  541274 nan nan  46
20160511  541275  37 N27  58
20160511  541275  42 N31  62
20160511  541275  43 N30  61
20160511  541275 nan nan  54
20160511  541275 nan nan  46
20160511  541278  30 N24  55
20160511  541278  31 N23  54
20160511  541278  36 N28  59
20160511  541278  37 N27  58
20160511  541278  58 S10  21
20160511  541278  59  S9  20
20160511  541278  64 S16  15
20160511  541278  65 S15  14
20160511  541278  69 S22  10
20160511  541278  70 S21   9
20160511  541278 nan nan  41
20160511  541279  25 N18  49
20160511  541279  26 N17  48
20160511  541279  30 N24  55
20160511  541279  31 N23  54
20160511  541279  36 N28  59
20160511  541279  37 N27  58
20160511  541279 nan nan  41
20160511  541280  30 N24  55
20160511  541280  31 N23  54
20160511  541280  36 N28  59
20160511  541280 nan nan  41
20160511  541283  31 N23  54
20160511  541283  36 N28  59
20160511  541283  37 N27  58
20160511  541283  42 N31  62
20160511  541283  58 S10  21
20160511  541283  63 S17  16
20160511  541283  64 S16  15
20160511  541283  69 S22  10
20160511  541283  70 S21   9
20160511  541283 nan nan  40
20160511  541286  26 N17  48
20160511  541286  31 N23  54
20160511  541286  32 N22  53
20160511  541286  36 N28  59
20160511  541286  37 N27  58
20160511  541286  42 N31  62
20160511  541286 nan nan  40
20160511  541287  26 N17  48
20160511  541287  31 N23  54
20160511  541287  32 N22  53
20160511  541287  36 N28  59
20160511  541287  37 N27  58
20160511  541287  42 N31  62
20160511  541287 nan nan  40
20160511  541289  36 N28  59
20160511  541289  37 N27  58
20160511  541289  42 N31  62
20160511  541289 nan nan  40
20160514  542000  15  N3  34
20160514  542000  22  N9  40
20160606  547174  49  S6  30
20160606  547174  55 S13  24
20160606  547174  56 S12  23
20160606  547174 nan nan  25
20160606  547174 nan nan  32
20160606  547274  65 S15  14
20160606  547274  70 S21   9
20160606  547274  71 S20   8
20160606  547274  76 S25   4
20160606  547385  60  S8  19
20160606  547385  66 S14  13
20160606  547386  60  S8  19
20160606  547386  66 S14  13
20160606  547387  60  S8  19
20160606  547387  66 S14  13
20160606  547389  60  S8  19
20160606  547389  66 S14  13
20160606  547390  60  S8  19
20160606  547390  66 S14  13
20160606  547391  60  S8  19
20160606  547391  66 S14  13
20160606  547392  30 N24  55
20160606  547392  36 N28  59
20160606  547392  65 S15  14
20160606  547392  66 S14  13
20160606  547392  70 S21   9
20160606  547392  71 S20   8
20160606  547393  30 N24  55
20160606  547393  36 N28  59
20160606  547393  65 S15  14
20160606  547393  66 S14  13
20160606  547393  70 S21   9
20160606  547393  71 S20   8
20160606  547395  30 N24  55
20160606  547395  36 N28  59
20160606  547395  65 S15  14
20160606  547395  66 S14  13
20160606  547395  70 S21   9
20160606  547395  71 S20   8
20160606  547396  25 N18  49
20160606  547396  30 N24  55
20160606  547396  36 N28  59
20160606  547397  25 N18  49
20160606  547397  30 N24  55
20160606  547397  31 N23  54
20160606  547397  36 N28  59
20160606  547398  25 N18  49
20160606  547398  30 N24  55
20160606  547398  31 N23  54
20160606  547399  25 N18  49
20160606  547399  30 N24  55
20160606  547399  31 N23  54
20160606  547399  36 N28  59
20160606  547548  66 S14  13
20160606  547548  71 S20   8
20160606  547549  66 S14  13
20160606  547549  71 S20   8
20160606  547550  66 S14  13
20160606  547550  71 S20   8
20160606  547551  66 S14  13
20160606  547551  71 S20   8
20160607  547747  73 S28   7
20160607  547747  79 S31   3
20160607  547747 nan nan  11
20160607  547748  73 S28   7
20160607  547748  79 S31   3
20160607  547748 nan nan  11
20160607  547749  39 N25  56
20160607  547749 nan nan   7
20160607  547749 nan nan  12
20160607  547750  39 N25  56
20160607  547750 nan nan   7
20160607  547750 nan nan  12
20160607  547822  32 N22  53
20160607  547822  38 N26  57
20160607  547822  43 N30  61
20160607  547822  44 N29  60
20160607  547822 nan nan   6
20160607  547822 nan nan   5
20160607  547823  43 N30  61
20160607  547823 nan nan   6
20160607  547823 nan nan   5
20160608  548256  42 N31  62
20160608  548256  80 S30   2
20160608  548256 nan nan   3
20160608  548256 nan nan   4
20160608  548256 nan nan   5
20160608  548258  11  N7  38
20160608  548258  12  N6  37
20160608  548258  13  N5  36
20160608  548258  14  N4  35
20160608  548258  15  N3  34
20160608  548258  16  N2  33
20160608  548258  18 N13  44
20160608  548258  19 N12  43
20160608  548258  20 N11  42
20160608  548258  21 N10  41
20160608  548258  22  N9  40
20160608  548258  24 N19  50
20160608  548258  25 N18  49
20160608  548258  26 N17  48
20160608  548258  27 N16  47
20160608  548258  28 N15  46
20160608  548258  30 N24  55
20160608  548258  31 N23  54
20160608  548258  32 N22  53
20160608  548258  33 N21  52
20160608  548258  36 N28  59
20160608  548258  37 N27  58
20160608  548258  38 N26  57
20160608  548258  42 N31  62
20160608  548258  43 N30  61
20160608  548258  48  S7  31
20160608  548258  49  S6  30
20160608  548258  50  S5  29
20160608  548258  51  S4  28
20160608  548258  52  S3  27
20160608  548258  53  S2  26
20160608  548258  56 S12  23
20160608  548258  57 S11  22
20160608  548258  58 S10  21
20160608  548258  59  S9  20
20160608  548258  60  S8  19
20160608  548258  62 S18  17
20160608  548258  63 S17  16
20160608  548258  64 S16  15
20160608  548258  65 S15  14
20160608  548258  68 S23  11
20160608  548258  69 S22  10
20160608  548258  70 S21   9
20160608  548258  71 S20   8
20160608  548258  74 S27   6
20160608  548258  75 S26   5
20160608  548298  33 N21  52
20160608  548298  38 N26  57
20160608  548298  39 N25  56
20160608  548298  44 N29  60
20160608  548298 nan nan   6
20160608  548298 nan nan   7
20160608  548301  27 N16  47
20160608  548301  28 N15  46
20160608  548301  33 N21  52
20160608  548389  60  S8  19
20160609  548557  13  N5  36
20160609  548557  14  N4  35
20160609  548557  20 N11  42
20160626  549146  71 S20   8
20160626  549147  71 S20   8
20160626  549148  71 S20   8
20160626  549149  71 S20   8
20160626  549150  71 S20   8
20160626  549151  71 S20   8
20160626  549152  71 S20   8
20160626  549178  71 S20   8
20160626  549179  71 S20   8
20160626  549180  71 S20   8
20160627  549541  75 S26   5
20160627  549541  80 S30   2
20160627  549541  81 S29   1
20160627  549541 nan nan   4
20160627  549543  24 N19  50
20160629  550318  55 S13  24
20160629  550318  56 S12  23
20160629  550318  61 S19  18
20160629  550319  27 N16  47
20160629  550319  32 N22  53
20160629  550319  33 N21  52
20160629  550319  38 N26  57
20160629  550319  57 S11  22
20160629  550319  58 S10  21
20160629  550319  63 S17  16
20160629  550319  64 S16  15
20160629  550320  27 N16  47
20160629  550320  32 N22  53
20160629  550320  33 N21  52
20160629  550320  38 N26  57
20160629  550387  57 S11  22
20160629  550387  58 S10  21
20160629  550387  63 S17  16
20160629  550387  64 S16  15
20160629  550458  14  N4  35
20160629  550458  20 N11  42
20160629  550458  21 N10  41
20160705  551688  42 N31  62
20160705  551688 nan nan  58
20160706  551998  37 N27  58
20160706  551998  42 N31  62
20160706  552000  37 N27  58
20160706  552000  42 N31  62
20160706  552001  37 N27  58
20160706  552001  42 N31  62
20160706  552002  37 N27  58
20160706  552002  42 N31  62
20160706  552003  36 N28  59
20160706  552003  37 N27  58
20160706  552003  42 N31  62
20160706  552005  37 N27  58
20160706  552005 nan nan  62
20160706  552006  36 N28  59
20160706  552006  37 N27  58
20160706  552006 nan nan  62
20160706  552007  42 N31  62
20160706  552008  42 N31  62
20160706  552008  43 N30  61
20160706  552009  37 N27  58
20160706  552009  42 N31  62
20160706  552009  43 N30  61
20160706  552010  36 N28  59
20160706  552010  37 N27  58
20160706  552010  42 N31  62
20160706  552010 nan nan   1
20160706  552011  32 N22  53
20160706  552011  37 N27  58
20160706  552011  38 N26  57
20160706  552011  43 N30  61
20160706  552013  30 N24  55
20160706  552013  36 N28  59
20160706  552026  42 N31  62
20160706  552026  43 N30  61
20160706  552026 nan nan   1
20160706  552026 nan nan  58
20160706  552027  42 N31  62
20160706  552027  80 S30   2
20160706  552027  81 S29   1
20160706  552027 nan nan  58
20160717  552926  30 N24  55
20160717  552926 nan nan  49
20160717  552938  30 N24  55
20160717  552938 nan nan  49
20160719  553219  71 S20   8
20160719  553220  71 S20   8
20160719  553221  71 S20   8
20160719  553222  71 S20   8
20160723  554078  36 N28  59
20160723  554078  42 N31  62
20160723  554078 nan nan  58
20160723  554080  36 N28  59
20160723  554080  42 N31  62
20160723  554080 nan nan  58
20160723  554095 nan nan  60
20160723  554175  71 S20   8
20160723  554248  20 N11  42
20160723  554248  21 N10  41
# DECADE addition
20160109  509817  27 N16  47
20160109  509817  32 N22  53
20160109  509817 nan nan  15
20160109  509817 nan nan  16
20160109  509817 nan nan  21
20160109  509817 nan nan  22
20160109  509817 nan nan  28
20160116  512224 nan nan  16
20160116  512224 nan nan  22
20160116  512303 nan nan  45
20160407  535197 nan nan  53
20160723  554095 nan nan  60
20150817  464865 nan nan  33
20151113  492747 nan nan  55
20151113  492785 nan nan  49
20151113  492785 nan nan  54
20151113  492785 nan nan  55
20160101  507779 nan nan  45
20160111  510448 nan nan  52
20160111  510448 nan nan  56
20160111  510448 nan nan  57
20160205  514473 nan nan  40
20160213  517164 nan nan  17
20160213  517165 nan nan  17
20160213  517167 nan nan  17
20160213  517217 nan nan  10
20160213  517217 nan nan  15
20160228  521347 nan nan  23
20160114  511541 nan nan  32
# Dome light?
20151127  497170 nan nan  21
20151127  497171 nan nan  21
20151127  497172 nan nan  21
20160118  512947 nan nan  33
20160118  512947 nan nan  40
20160118  512947 nan nan  46
20160216  518141 nan nan  14
20150912  474349 nan nan  15
20151010  483754 nan nan  5
20151010  483755 nan nan  5
20151010  483756 nan nan  43
20151105  490213 nan nan  13
20151105  490213 nan nan  19
20151106  490623 nan nan  13
20151106  490623 nan nan  19
20151107  491182 nan nan  5
20151214  502070 nan nan  30
20151214  502071 nan nan  30
20151214  502072 nan nan  30
20151216  502701 nan nan  26
20151216  502701 nan nan  33
20151216  502702 nan nan  37
20151216  502702 nan nan  43
20151216  502702 nan nan  44
20151216  502793 nan nan  49
20151216  502793 nan nan  54
20151216  502794 nan nan  49
20151216  502794 nan nan  54
20151216  502795 nan nan  49
20151216  502795 nan nan  54
20160210  516053 nan nan  33
20160210  516053 nan nan  34
20160705  551684 nan nan  1
20160705  551684 nan nan  58
20160705  551684 nan nan  62
20160705  551689 nan nan  1
20160705  551689 nan nan  58
20160705  551689 nan nan  62
20160705  551693 nan nan  17
20160706  552017 nan nan  58
20160706  552017 nan nan  62
20160706  552018 nan nan  58
20160706  552018 nan nan  62
20160706  552021 nan nan  62
20160706  552022 nan nan  58
20160706  552022 nan nan  62
20160706  552023 nan nan  58
20160706  552023 nan nan  62
20160706  552024 nan nan  62
20160706  552025 nan nan  62
20160706  552028 nan nan  8
20160706  552028 nan nan  9
20160706  552028 nan nan  14
20160706  552028 nan nan  54
20160706  552028 nan nan  55
20160706  552028 nan nan  59
20160706  552029 nan nan  3
20160706  552029 nan nan  57
20160706  552029 nan nan  60

