#date     expnum ccd id ccdnum
20190807  883896  26 N17  48
20190807  883899  67 S24  12
20190807  883900  53  S2  26
20190807  883925  29 N14  45
20190807  883937  29 N14  45
20190807  884057  30 N24  55
20190807  884057  31 N23  54
20190807  884057  36 N28  59
20190807  884057 nan nan  49
20190807  884057 nan nan  14
20190807  884057 nan nan  15
20190807  884057 nan nan  20
20190807  884057 nan nan  21
20190807  884058  80 S30   2
20190807  884058  81 S29   1
20190807  884058 nan nan   5
20190807  884058 nan nan  58
20190807  884058 nan nan  59
20190807  884104  71 S20   8
20190807  884105  71 S20   8
20190807  884106  71 S20   8
20190807  884107  71 S20   8
20190808  884432  12  N6  37
20190808  884432  13  N5  36
20190808  884548 nan nan   1
20190808  884548 nan nan  42
20190808  884584  31 N23  54
20190808  884584  36 N28  59
20190808  884584  37 N27  58
20190808  884584  42 N31  62
20190809  884846  75 S26   5
20190809  884846  80 S30   2
20190809  884846 nan nan   1
20190809  884855  75 S26   5
20190809  884855  80 S30   2
20190809  884931  11  N7  38
20190809  884931 nan nan  19
20190809  884931 nan nan  25
20190809  884931 nan nan  32
20190809  884932  23  N8  39
20190809  884932  29 N14  45
20190809  884956  53  S2  26
20190809  884956  54  S1  25
20190809  884956  60  S8  19
20190810  885288  22  N9  40
20190810  885288  28 N15  46
20190810  885381  25 N18  49
20190810  885381  30 N24  55
20190812  886000  57 S11  22
20190815  887118  12  N6  37
20190815  887118  13  N5  36
20190815  887118  19 N12  43
20190815  887118  20 N11  42
20190815  887133  62 S18  17
20190815  887133  67 S24  12
20190815  887133  73 S28   7
20190815  887171  25 N18  49
20190815  887171  26 N17  48
20190815  887207  13  N5  36
20190815  887208  25 N18  49
20190815  887208  26 N17  48
20190816  887562  13  N5  36
20190816  887563  25 N18  49
20190816  887563  26 N17  48
20190816  887584  71 S20   8
20190816  887585  71 S20   8
20190816  887586  71 S20   8
20190816  887587  71 S20   8
20190816  887590  71 S20   8
20190816  887591  71 S20   8
20190816  887592  71 S20   8
20190817  887770  57 S11  22
20190817  887867  13  N5  36
20190817  887868  25 N18  49
20190817  887868  26 N17  48
20190818  888260  71 S20   8
20190818  888261  71 S20   8
20190818  888262  71 S20   8
20190818  888263  71 S20   8
20190818  888264  71 S20   8
20190818  888265  71 S20   8
20190818  888266  71 S20   8
20190818  888267  71 S20   8
20190818  888268  71 S20   8
20190819  888409  16  N2  33
20190819  888409  17  N1  32
20190819  888409  54  S1  25
20190819  888466  37 N27  58
20190819  888466  38 N26  57
20190819  888466  43 N30  61
20190819  888480  60  S8  19
20190819  888481  67 S24  12
20190819  888481  73 S28   7
20190819  888485  27 N16  47
20190819  888485  32 N22  53
20190819  888485  33 N21  52
20190820  888767  29 N14  45
20190820  888767  34 N20  51
20190820  888767  55 S13  24
20190820  888767  56 S12  23
20190820  888767  61 S19  18
20190820  888767  62 S18  17
20190820  888769  26 N17  48
20190820  888769  27 N16  47
20190820  888769  31 N23  54
20190820  888769  32 N22  53
20190820  888769  74 S27   6
20190820  888769  75 S26   5
20190820  888769  80 S30   2
20190820  888769 nan nan  10
20190820  888769 nan nan  36
20190820  888769 nan nan  43
20190820  888786  76 S25   4
20190820  888810  12  N6  37
20190820  888810  13  N5  36
20190820  888810  15  N3  34
20190820  888810  18 N13  44
20190820  888810  19 N12  43
20190820  888810  51  S4  28
20190820  888810  52  S3  27
20190820  888810  58 S10  21
20190820  888810  59  S9  20
20190820  888834  13  N5  36
20190820  888834  19 N12  43
20190820  888834  20 N11  42
20190821  889112  19 N12  43
20190821  889112  24 N19  50
20190821  889112  25 N18  49
20190821  889112  30 N24  55
20190821  889112  52  S3  27
20190821  889112  58 S10  21
20190821  889112  59  S9  20
20190821  889112  64 S16  15
20190821  889112  65 S15  14
20190821  889119  39 N25  56
20190821  889119  44 N29  60
20190821  889119  67 S24  12
20190821  889119  68 S23  11
20190821  889119  73 S28   7
20190821  889119  74 S27   6
20190821  889119 nan nan  52
20190821  889122  11  N7  38
20190821  889122  17  N1  32
20190821  889122  23  N8  39
20190821  889122  48  S7  31
20190821  889122  54  S1  25
20190821  889268  71 S20   8
20190821  889269  71 S20   8
20190821  889270  71 S20   8
20190821  889271  71 S20   8
20190830  892178  71 S20   8
20190830  892179  71 S20   8
20190830  892180  71 S20   8
20190830  892181  71 S20   8
20190831  892553 nan nan  24
20190831  892553 nan nan  34
20190831  892553 nan nan  35
20190907  894406  38 N26  57
20190907  894406  43 N30  61
20190907  894406  44 N29  60
20190907  894406 nan nan  53
20190913  895003  33 N21  52
20190913  895003  38 N26  57
20190913  895003  39 N25  56
20190913  895003  44 N29  60
20190914  895369  75 S26   5
20190914  895369  80 S30   2
20190914  895369 nan nan   1
20190915  895595  67 S24  12
20190915  895596  67 S24  12
20190915  895664  71 S20   8
20190915  895665  71 S20   8
20190926  898445  71 S20   8
20190926  898446  71 S20   8
20190926  898447  71 S20   8
20190926  898448  71 S20   8
20190929  899420  69 S22  10
20190929  899420  70 S21   9
20190929  899420  75 S26   5
20190929  899420  80 S30   2
20190929  899420 nan nan   1
20190929  899420 nan nan   4
20190929  899421  30 N24  55
20190929  899421  31 N23  54
20190929  899421  36 N28  59
20190929  899421 nan nan   4
20190929  899421 nan nan   8
20190930  899656  21 N10  41
20190930  899656  22  N9  40
20190930  899684  65 S15  14
20190930  899684  71 S20   8
20191004  900816  71 S20   8
20191004  900817  71 S20   8
20191004  900818  71 S20   8
20191004  900819  71 S20   8
20191007  901395  67 S24  12
20191007  901395 nan nan  17
20191007  901404  38 N26  57
20191007  901404  39 N25  56
20191007  901404  44 N29  60
20191007  901404 nan nan  52
20191007  901405  67 S24  12
20191007  901405 nan nan  17
20191007  901537  28 N15  46
20191007  901537  29 N14  45
20191007  901537  34 N20  51
20191007  901577  65 S15  14
20191007  901577  70 S21   9
20191007  901577  71 S20   8
20191008  901815  36 N28  59
20191008  901815  42 N31  62
20191008  901815 nan nan  54
20191008  901894  11  N7  38
20191008  901894  12  N6  37
20191008  901894  13  N5  36
20191008  901894  15  N3  34
20191008  901894  16  N2  33
20191008  901894  17  N1  32
20191008  901894  18 N13  44
20191008  901894  19 N12  43
20191008  901894  20 N11  42
20191008  901894  21 N10  41
20191008  901894  22  N9  40
20191008  901894  23  N8  39
20191008  901894  25 N18  49
20191008  901894  26 N17  48
20191008  901894  27 N16  47
20191008  901894  28 N15  46
20191008  901894  31 N23  54
20191008  901894  32 N22  53
20191008  901894  33 N21  52
20191008  901894  48  S7  31
20191008  901894  49  S6  30
20191008  901894  50  S5  29
20191008  901894  52  S3  27
20191008  901894  53  S2  26
20191008  901894  54  S1  25
20191008  901894  55 S13  24
20191008  901894  56 S12  23
20191008  901894  57 S11  22
20191008  901894  58 S10  21
20191008  901894  59  S9  20
20191008  901894  62 S18  17
20191008  901894  63 S17  16
20191008  901894  64 S16  15
20191008  901894  65 S15  14
20191008  901894  68 S23  11
20191008  901894  69 S22  10
20191008  901894  70 S21   9
20191008  901930  13  N5  36
20191008  901930  14  N4  35
20191008  901930  15  N3  34
20191008  901930  16  N2  33
20191008  901930  20 N11  42
20191008  901930  21 N10  41
20191008  901930  22  N9  40
20191008  901930  26 N17  48
20191008  901930  27 N16  47
20191008  901930  28 N15  46
20191008  901930  32 N22  53
20191008  901930  33 N21  52
20191008  901930  50  S5  29
20191008  901930  51  S4  28
20191008  901930  52  S3  27
20191008  901930  53  S2  26
20191008  901930  57 S11  22
20191008  901930  58 S10  21
20191008  901930  59  S9  20
20191008  901930 nan nan  51
20191008  901930 nan nan  56
20191008  901945  33 N21  52
20191008  901945  38 N26  57
20191008  901945  39 N25  56
20191009  902191  71 S20   8
20191009  902192  71 S20   8
20191009  902193  71 S20   8
20191009  902194  71 S20   8
20191021  902499  71 S20   8
20191021  902500  71 S20   8
20191021  902501  71 S20   8
20191021  902502  71 S20   8
20191104  905983  71 S20   8
20191104  905984  71 S20   8
20191104  905985  71 S20   8
20191104  905986  71 S20   8
20191104  906124  11  N7  38
20191104  906124  12  N6  37
20191104  906124  18 N13  44
20191111  906974  11  N7  38
20191111  906974  12  N6  37
20191111  906974  18 N13  44
20191111  906974  19 N12  43
20191111  906984  34 N20  51
20191111  906984  39 N25  56
20191111  906985  76 S25   4
20191112  907299  12  N6  37
20191112  907299  13  N5  36
20191112  907299  14  N4  35
20191112  907299  15  N3  34
20191112  907299  16  N2  33
20191112  907299  19 N12  43
20191112  907299  20 N11  42
20191112  907299  21 N10  41
20191112  907299  22  N9  40
20191112  907299  25 N18  49
20191112  907299  26 N17  48
20191112  907299  27 N16  47
20191112  907299  28 N15  46
20191112  907299  32 N22  53
20191112  907299  49  S6  30
20191112  907299  50  S5  29
20191112  907299  52  S3  27
20191112  907299  53  S2  26
20191112  907299  55 S13  24
20191112  907299  56 S12  23
20191112  907299  57 S11  22
20191112  907299  58 S10  21
20191112  907299  59  S9  20
20191112  907299  62 S18  17
20191112  907299  63 S17  16
20191112  907299  64 S16  15
20191112  907299  65 S15  14
20191112  907299  68 S23  11
20191112  907299  69 S22  10
20191112  907299  70 S21   9
20191112  907299  74 S27   6
20191112  907299  75 S26   5
20191112  907301  12  N6  37
20191112  907301  13  N5  36
20191112  907301  14  N4  35
20191112  907301  15  N3  34
20191112  907301  16  N2  33
20191112  907301  18 N13  44
20191112  907301  19 N12  43
20191112  907301  20 N11  42
20191112  907301  21 N10  41
20191112  907301  22  N9  40
20191112  907301  24 N19  50
20191112  907301  25 N18  49
20191112  907301  26 N17  48
20191112  907301  27 N16  47
20191112  907301  28 N15  46
20191112  907301  30 N24  55
20191112  907301  31 N23  54
20191112  907301  32 N22  53
20191112  907301  33 N21  52
20191112  907301  49  S6  30
20191112  907301  50  S5  29
20191112  907301  52  S3  27
20191112  907301  53  S2  26
20191112  907301  55 S13  24
20191112  907301  56 S12  23
20191112  907301  57 S11  22
20191112  907301  58 S10  21
20191112  907301  59  S9  20
20191112  907301  62 S18  17
20191112  907301  63 S17  16
20191112  907301  64 S16  15
20191112  907301  68 S23  11
20191112  907301  69 S22  10
20191113  907541  11  N7  38
20191113  907541  12  N6  37
20191113  907541  13  N5  36
20191113  907541  14  N4  35
20191113  907541  15  N3  34
20191113  907541  16  N2  33
20191113  907541  18 N13  44
20191113  907541  19 N12  43
20191113  907541  20 N11  42
20191113  907541  21 N10  41
20191113  907541  22  N9  40
20191113  907541  24 N19  50
20191113  907541  25 N18  49
20191113  907541  26 N17  48
20191113  907541  27 N16  47
20191113  907541  28 N15  46
20191113  907541  30 N24  55
20191113  907541  31 N23  54
20191113  907541  32 N22  53
20191113  907541  33 N21  52
20191113  907541  36 N28  59
20191113  907541  37 N27  58
20191113  907541  38 N26  57
20191113  907541  42 N31  62
20191113  907541  43 N30  61
20191113  907541  49  S6  30
20191113  907541  50  S5  29
20191113  907541  51  S4  28
20191113  907541  52  S3  27
20191113  907541  53  S2  26
20191113  907541  56 S12  23
20191113  907541  57 S11  22
20191113  907541  58 S10  21
20191113  907541  59  S9  20
20191113  907541  62 S18  17
20191113  907541  63 S17  16
20191113  907541  64 S16  15
20191113  907541  65 S15  14
20191113  907541  68 S23  11
20191113  907541  69 S22  10
20191113  907541  70 S21   9
20191113  907541  71 S20   8
20191113  907553  79 S31   3
20191114  907794  14  N4  35
20191114  907794  51  S4  28
20191114  907798  32 N22  53
20191114  907798  38 N26  57
20191114  907800  56 S12  23
20191114  907800  62 S18  17
20191114  907802  43 N30  61
20191114  907802  44 N29  60
20191114  907805  26 N17  48
20191114  907805  31 N23  54
20191114  907805  32 N22  53
20191116  908501  71 S20   8
20191116  908502  71 S20   8
20191116  908503  71 S20   8
20191130  912499  71 S20   8
20191130  912500  71 S20   8
20191130  912501  71 S20   8
20191130  912502  71 S20   8
20191201  912987 nan nan  55
20191201  913003  14  N4  35
20191201  913003  15  N3  34
20191201  913003  20 N11  42
20191201  913003  21 N10  41
20191201  913003  27 N16  47
20191201  913003  57 S11  22
20191201  913003  62 S18  17
20191201  913003  63 S17  16
20191201  913003  68 S23  11
20191201  913003  69 S22  10
20191203  913772  14  N4  35
20191203  913772  15  N3  34
20191203  913772  20 N11  42
20191203  913772  21 N10  41
20191203  913772  50  S5  29
20191203  913772  51  S4  28
20191203  913772  52  S3  27
20191203  913772  56 S12  23
20191203  913772  57 S11  22
20191207  915291  71 S20   8
20191207  915292  71 S20   8
20191207  915401  68 S23  11
20191208  915675  49  S6  30
20191208  915675  50  S5  29
20191208  915675  55 S13  24
20191208  915675  56 S12  23
20191209  915953  67 S24  12
20191209  915953 nan nan  17
20191210  916316  65 S15  14
20191210  916316  70 S21   9
20191210  916316  71 S20   8
20191210  916316 nan nan   4
20191210  916346  38 N26  57
20191210  916346 nan nan  60
20191210  916348  68 S23  11
20191210  916348  69 S22  10
20191210  916348  74 S27   6
20191212  916887  12  N6  37
20191212  916887  13  N5  36
20191212  916887  14  N4  35
20191212  916887  15  N3  34
20191212  916887  16  N2  33
20191212  916887  19 N12  43
20191212  916887  20 N11  42
20191212  916887  21 N10  41
20191212  916887  22  N9  40
20191212  916887  25 N18  49
20191212  916887  26 N17  48
20191212  916887  27 N16  47
20191212  916887  30 N24  55
20191212  916887  31 N23  54
20191212  916887  32 N22  53
20191212  916887  33 N21  52
20191212  916887  36 N28  59
20191212  916887  37 N27  58
20191212  916887  38 N26  57
20191212  916887  39 N25  56
20191212  916887  42 N31  62
20191212  916887  43 N30  61
20191212  916887  44 N29  60
20191212  916887  49  S6  30
20191212  916887  50  S5  29
20191212  916887  51  S4  28
20191212  916887  52  S3  27
20191212  916887  53  S2  26
20191212  916887  56 S12  23
20191212  916887  57 S11  22
20191212  916887  58 S10  21
20191212  916887  59  S9  20
20191212  916887  62 S18  17
20191212  916887  63 S17  16
20191212  916887  64 S16  15
20191212  916887  65 S15  14
20191212  916887  68 S23  11
20191212  916887  69 S22  10
20191212  916887  70 S21   9
20191212  916887  74 S27   6
20191212  916887  75 S26   5
20191212  916887  80 S30   2
20191212  916888  73 S28   7
20191212  916888  74 S27   6
20191212  916888  79 S31   3
20191212  916891  12  N6  37
20191212  916891  13  N5  36
20191212  916891  15  N3  34
20191212  916891  19 N12  43
20191212  916891  20 N11  42
20191212  916891  21 N10  41
20191212  916891  22  N9  40
20191212  916891  25 N18  49
20191212  916891  26 N17  48
20191212  916891  27 N16  47
20191212  916891  33 N21  52
20191212  916891  34 N20  51
20191212  916891  38 N26  57
20191212  916891  39 N25  56
20191212  916891  43 N30  61
20191212  916891  44 N29  60
20191212  916891  49  S6  30
20191212  916891  50  S5  29
20191212  916891  51  S4  28
20191212  916891  52  S3  27
20191212  916891  53  S2  26
20191212  916891  56 S12  23
20191212  916891  57 S11  22
20191212  916891  58 S10  21
20191212  916891  59  S9  20
20191212  916891  62 S18  17
20191212  916891  63 S17  16
20191212  916891  64 S16  15
20191212  916891  65 S15  14
20191212  916891  67 S24  12
20191212  916891  68 S23  11
20191212  916891  69 S22  10
20191212  916891  70 S21   9
20191212  916891  73 S28   7
20191212  916891  74 S27   6
20191212  916891  79 S31   3
20191212  916892  80 S30   2
20191212  916893  13  N5  36
20191212  916893  15  N3  34
20191212  916893  16  N2  33
20191212  916893  19 N12  43
20191212  916893  20 N11  42
20191212  916893  21 N10  41
20191212  916893  22  N9  40
20191212  916893  24 N19  50
20191212  916893  25 N18  49
20191212  916893  26 N17  48
20191212  916893  27 N16  47
20191212  916893  30 N24  55
20191212  916893  31 N23  54
20191212  916893  32 N22  53
20191212  916893  36 N28  59
20191212  916893  37 N27  58
20191212  916893  38 N26  57
20191212  916893  42 N31  62
20191212  916893  43 N30  61
20191212  916893  44 N29  60
20191212  916893  49  S6  30
20191212  916893  50  S5  29
20191212  916893  51  S4  28
20191212  916893  52  S3  27
20191212  916893  53  S2  26
20191212  916893  56 S12  23
20191212  916893  57 S11  22
20191212  916893  58 S10  21
20191212  916893  59  S9  20
20191212  916893  62 S18  17
20191212  916893  63 S17  16
20191212  916893  64 S16  15
20191212  916893  65 S15  14
20191212  916893  68 S23  11
20191212  916893  69 S22  10
20191212  916893  70 S21   9
20191212  916893  71 S20   8
20191212  916893  74 S27   6
20191212  916893  75 S26   5
20191212  916893  80 S30   2
20191212  916893  81 S29   1
20191212  916894  12  N6  37
20191212  916894  13  N5  36
20191212  916894  15  N3  34
20191212  916894  16  N2  33
20191212  916894  19 N12  43
20191212  916894  20 N11  42
20191212  916894  21 N10  41
20191212  916894  22  N9  40
20191212  916894  26 N17  48
20191212  916894  27 N16  47
20191212  916894  30 N24  55
20191212  916894  31 N23  54
20191212  916894  32 N22  53
20191212  916894  33 N21  52
20191212  916894  36 N28  59
20191212  916894  37 N27  58
20191212  916894  38 N26  57
20191212  916894  39 N25  56
20191212  916894  42 N31  62
20191212  916894  43 N30  61
20191212  916894  44 N29  60
20191212  916894  49  S6  30
20191212  916894  50  S5  29
20191212  916894  51  S4  28
20191212  916894  52  S3  27
20191212  916894  53  S2  26
20191212  916894  56 S12  23
20191212  916894  57 S11  22
20191212  916894  58 S10  21
20191212  916894  59  S9  20
20191212  916894  62 S18  17
20191212  916894  63 S17  16
20191212  916894  64 S16  15
20191212  916894  65 S15  14
20191212  916894  68 S23  11
20191212  916894  69 S22  10
20191212  916894  70 S21   9
20191212  916894  74 S27   6
20191212  916894  75 S26   5
20191212  916894  80 S30   2
20191212  916897  12  N6  37
20191212  916897  13  N5  36
20191212  916897  15  N3  34
20191212  916897  16  N2  33
20191212  916897  19 N12  43
20191212  916897  20 N11  42
20191212  916897  21 N10  41
20191212  916897  22  N9  40
20191212  916897  25 N18  49
20191212  916897  26 N17  48
20191212  916897  27 N16  47
20191212  916897  28 N15  46
20191212  916897  31 N23  54
20191212  916897  32 N22  53
20191212  916897  37 N27  58
20191212  916897  38 N26  57
20191212  916897  49  S6  30
20191212  916897  50  S5  29
20191212  916897  52  S3  27
20191212  916897  53  S2  26
20191212  916897  56 S12  23
20191212  916897  57 S11  22
20191212  916897  58 S10  21
20191212  916897  59  S9  20
20191212  916897  62 S18  17
20191212  916897  63 S17  16
20191212  916897  64 S16  15
20191212  916897  65 S15  14
20191212  916897  68 S23  11
20191212  916897  69 S22  10
20191212  916897  70 S21   9
20191212  916897  74 S27   6
20191212  916897  75 S26   5
20191212  916897  80 S30   2
20191212  916898  73 S28   7
20191212  916898  74 S27   6
20191212  916898  79 S31   3
20191212  916901  80 S30   2
20191212  916902  12  N6  37
20191212  916902  13  N5  36
20191212  916902  15  N3  34
20191212  916902  16  N2  33
20191212  916902  19 N12  43
20191212  916902  20 N11  42
20191212  916902  21 N10  41
20191212  916902  22  N9  40
20191212  916902  25 N18  49
20191212  916902  26 N17  48
20191212  916902  27 N16  47
20191212  916902  28 N15  46
20191212  916902  32 N22  53
20191212  916902  49  S6  30
20191212  916902  50  S5  29
20191212  916902  52  S3  27
20191212  916902  53  S2  26
20191212  916902  55 S13  24
20191212  916902  56 S12  23
20191212  916902  57 S11  22
20191212  916902  58 S10  21
20191212  916902  59  S9  20
20191212  916902  62 S18  17
20191212  916902  63 S17  16
20191212  916902  64 S16  15
20191212  916902  65 S15  14
20191212  916902  68 S23  11
20191212  916902  69 S22  10
20191212  916902  70 S21   9
20191212  916902  73 S28   7
20191212  916902  74 S27   6
20191212  916902  79 S31   3
20191212  916903  12  N6  37
20191212  916903  13  N5  36
20191212  916903  15  N3  34
20191212  916903  16  N2  33
20191212  916903  19 N12  43
20191212  916903  20 N11  42
20191212  916903  21 N10  41
20191212  916903  22  N9  40
20191212  916903  25 N18  49
20191212  916903  26 N17  48
20191212  916903  27 N16  47
20191212  916903  28 N15  46
20191212  916903  31 N23  54
20191212  916903  36 N28  59
20191212  916903  37 N27  58
20191212  916903  49  S6  30
20191212  916903  50  S5  29
20191212  916903  52  S3  27
20191212  916903  53  S2  26
20191212  916903  56 S12  23
20191212  916903  57 S11  22
20191212  916903  58 S10  21
20191212  916903  59  S9  20
20191212  916903  60  S8  19
20191212  916903  62 S18  17
20191212  916903  63 S17  16
20191212  916903  64 S16  15
20191212  916903  65 S15  14
20191212  916903  68 S23  11
20191212  916903  69 S22  10
20191212  916903  70 S21   9
20191212  916903  74 S27   6
20191212  916903  75 S26   5
20191212  916903  80 S30   2
20191212  916903  81 S29   1
20191212  916903 nan nan   4
20191212  916904  12  N6  37
20191212  916904  13  N5  36
20191212  916904  15  N3  34
20191212  916904  16  N2  33
20191212  916904  19 N12  43
20191212  916904  20 N11  42
20191212  916904  21 N10  41
20191212  916904  22  N9  40
20191212  916904  25 N18  49
20191212  916904  26 N17  48
20191212  916904  27 N16  47
20191212  916904  28 N15  46
20191212  916904  37 N27  58
20191212  916904  38 N26  57
20191212  916904  42 N31  62
20191212  916904  43 N30  61
20191212  916904  49  S6  30
20191212  916904  50  S5  29
20191212  916904  52  S3  27
20191212  916904  53  S2  26
20191212  916904  56 S12  23
20191212  916904  57 S11  22
20191212  916904  58 S10  21
20191212  916904  59  S9  20
20191212  916904  62 S18  17
20191212  916904  63 S17  16
20191212  916904  64 S16  15
20191212  916904  65 S15  14
20191212  916904  68 S23  11
20191212  916904  69 S22  10
20191212  916904  70 S21   9
20191212  916904  74 S27   6
20191212  916904  75 S26   5
20191212  916904  80 S30   2
20191213  917108  71 S20   8
20191213  917109  71 S20   8
20191213  917110  71 S20   8
20191213  917111  71 S20   8
20191213  917274  49  S6  30
20191213  917274  50  S5  29
20191213  917274  55 S13  24
20191213  917274  56 S12  23
20191213  917282  29 N14  45
20191220  921144  71 S20   8
20191220  921145  71 S20   8
20191220  921146  71 S20   8
20191220  921147  71 S20   8
20191220  921287  34 N20  51
20191220  921287  39 N25  56
20191220  921287  56 S12  23
20191220  921287  62 S18  17
20191220  921287  63 S17  16
20191220  921287  68 S23  11
20191220  921288  16  N2  33
20191220  921288  17  N1  32
20191220  921288  23  N8  39
20191220  921288  29 N14  45
20191220  921288  55 S13  24
20191220  921288  61 S19  18
20191220  921296  49  S6  30
20191220  921296  56 S12  23
20191220  921296 nan nan  29
20191223  921991  13  N5  36
20191223  921991  14  N4  35
20191223  921991  15  N3  34
20191223  921991  50  S5  29
20191223  921991  51  S4  28
20191223  921991  52  S3  27
20191223  921991  58 S10  21
20191223  921992  13  N5  36
20191223  921992  14  N4  35
20191223  921992  50  S5  29
20191223  921992  51  S4  28
20191223  921992 nan nan  26
20191223  921994  33 N21  52
20191223  922013 nan nan  53
20191230  923672  71 S20   8
20191230  923673  71 S20   8
20191230  923674  71 S20   8
20191230  923675  71 S20   8
20200104  924705  42 N31  62
20200104  924758  18 N13  44
20200104  924758  19 N12  43
20200104  924758  24 N19  50
20200104  924759  18 N13  44
20200104  924759  24 N19  50
20200104  924759  53  S2  26
20200104  924759  54  S1  25
20200104  924759  60  S8  19
20200104  924759  66 S14  13
20200104  924760  18 N13  44
20200104  924760  24 N19  50
20200104  924765  18 N13  44
20200104  924765  24 N19  50
20200105  925033  71 S20   8
20200105  925034  71 S20   8
20200105  925158  44 N29  60
20200105  925163  75 S26   5
20200105  925163  80 S30   2
20200120  925411  71 S20   8
20200120  925412  71 S20   8
20200120  925413  71 S20   8
20200120  925414  71 S20   8
20200121  925854  18 N13  44
20200121  925854  24 N19  50
20200121  925854  30 N24  55
20200121  925854  66 S14  13
20200128  927531  37 N27  58
20200128  927531  38 N26  57
20200128  927531  79 S31   3
20200128  927531  80 S30   2
20200128  927531 nan nan   6
20200128  927531 nan nan   5
20200129  927816  49  S6  30
20200129  927816  55 S13  24
20200129  927816  56 S12  23
20200129  927816  61 S19  18
20200129  927816  62 S18  17
20200130  928112  39 N25  56
20200130  928112  44 N29  60
20200130  928141  65 S15  14
20200130  928141  70 S21   9
20200130  928141  71 S20   8
20200130  928141  43 N30  61
20200130  928141  44 N29  60
20200130  928142  54  S1  25
20200130  928142  60  S8  19
20200130  928143  80 S30   2
20200130  928143 nan nan   1
20200130  928143 nan nan  62
20200130  928147  75 S26   5
20200130  928147  80 S30   2
20200130  928147  81 S29   1
20200130  928147 nan nan   4
20200130  928155  17  N1  32
20200130  928155  54  S1  25
20200130  928163  65 S15  14
20200130  928163  66 S14  13
20200130  928163  71 S20   8
20200130  928189  15  N3  34
20200130  928189  16  N2  33
20200130  928189  22  N9  40
20200130  928195  11  N7  38
20200130  928195  12  N6  37
20200130  928195  13  N5  36
20200130  928195  14  N4  35
20200130  928195  15  N3  34
20200130  928195  16  N2  33
20200130  928195  17  N1  32
20200130  928195  18 N13  44
20200130  928195  19 N12  43
20200130  928195  20 N11  42
20200130  928195  21 N10  41
20200130  928195  22  N9  40
20200130  928195  23  N8  39
20200130  928195  24 N19  50
20200130  928195  25 N18  49
20200130  928195  26 N17  48
20200130  928195  27 N16  47
20200130  928195  31 N23  54
20200130  928195  32 N22  53
20200130  928195  49  S6  30
20200130  928195  50  S5  29
20200130  928195  51  S4  28
20200130  928195  52  S3  27
20200130  928195  53  S2  26
20200130  928195  54  S1  25
20200130  928195  56 S12  23
20200130  928195  57 S11  22
20200130  928195  58 S10  21
20200130  928195  59  S9  20
20200130  928195  60  S8  19
20200130  928195  62 S18  17
20200130  928195  63 S17  16
20200130  928195  64 S16  15
20200130  928195  65 S15  14
20200130  928195  66 S14  13
20200130  928195  69 S22  10
20200130  928195  70 S21   9
20200130  928195  71 S20   8
20200130  928195  75 S26   5
20200130  928195  76 S25   4
20200130  928195  81 S29   1
20200130  928196  12  N6  37
20200130  928196  13  N5  36
20200130  928196  14  N4  35
20200130  928196  15  N3  34
20200130  928196  16  N2  33
20200130  928196  19 N12  43
20200130  928196  20 N11  42
20200130  928196  21 N10  41
20200130  928196  22  N9  40
20200130  928196  23  N8  39
20200130  928196  25 N18  49
20200130  928196  26 N17  48
20200130  928196  27 N16  47
20200130  928196  28 N15  46
20200130  928196  29 N14  45
20200130  928196  31 N23  54
20200130  928196  32 N22  53
20200130  928196  33 N21  52
20200130  928196  34 N20  51
20200130  928196  37 N27  58
20200130  928196  38 N26  57
20200130  928196  39 N25  56
20200130  928196  42 N31  62
20200130  928196  43 N30  61
20200130  928196  44 N29  60
20200130  928196  49  S6  30
20200130  928196  50  S5  29
20200130  928196  51  S4  28
20200130  928196  52  S3  27
20200130  928196  53  S2  26
20200130  928196  56 S12  23
20200130  928196  57 S11  22
20200130  928196  58 S10  21
20200130  928196  59  S9  20
20200130  928196  62 S18  17
20200130  928196  63 S17  16
20200130  928196  64 S16  15
20200130  928196  65 S15  14
20200130  928196  68 S23  11
20200130  928196  69 S22  10
20200130  928196  70 S21   9
20200130  928275  11  N7  38
20200130  928275  12  N6  37
20200130  928275  15  N3  34
20200130  928275  16  N2  33
20200130  928275  22  N9  40
20200130  928275  48  S7  31
20200130  928275  49  S6  30
20200130  928275  52  S3  27
20200130  928275  53  S2  26
20200130  928275  55 S13  24
20200130  928276  33 N21  52
20200130  928276  34 N20  51
20200130  928276  39 N25  56
20200131  928490  14  N4  35
20200131  928490  15  N3  34
20200131  928490  20 N11  42
20200131  928490  21 N10  41
20200131  928490  50  S5  29
20200131  928490  51  S4  28
20200131  928490  52  S3  27
20200131  928490  57 S11  22
20200131  928500  28 N15  46
20200131  928500  29 N14  45
20200131  928500  34 N20  51
20200131  928504  12  N6  37
20200131  928504  13  N5  36
20200131  928504  14  N4  35
20200131  928504  15  N3  34
20200131  928504  16  N2  33
20200131  928504  19 N12  43
20200131  928504  20 N11  42
20200131  928504  21 N10  41
20200131  928504  22  N9  40
20200131  928504  25 N18  49
20200131  928504  26 N17  48
20200131  928504  27 N16  47
20200131  928504  30 N24  55
20200131  928504  31 N23  54
20200131  928504  32 N22  53
20200131  928504  33 N21  52
20200131  928504  36 N28  59
20200131  928504  37 N27  58
20200131  928504  38 N26  57
20200131  928504  39 N25  56
20200131  928504  42 N31  62
20200131  928504  43 N30  61
20200131  928504  44 N29  60
20200131  928504  49  S6  30
20200131  928504  50  S5  29
20200131  928504  51  S4  28
20200131  928504  52  S3  27
20200131  928504  53  S2  26
20200131  928504  56 S12  23
20200131  928504  57 S11  22
20200131  928504  58 S10  21
20200131  928504  59  S9  20
20200131  928504  62 S18  17
20200131  928504  63 S17  16
20200131  928504  64 S16  15
20200131  928504  65 S15  14
20200131  928504  68 S23  11
20200131  928504  69 S22  10
20200131  928504  70 S21   9
20200131  928504  74 S27   6
20200131  928504  75 S26   5
20200131  928504  80 S30   2
20200131  928505  44 N29  60
20200131  928505  73 S28   7
20200131  928505  74 S27   6
20200131  928505  79 S31   3
20200131  928505 nan nan  16
20200131  928505 nan nan  17
20200131  928508  80 S30   2
20200131  928509  12  N6  37
20200131  928509  13  N5  36
20200131  928509  15  N3  34
20200131  928509  19 N12  43
20200131  928509  20 N11  42
20200131  928509  21 N10  41
20200131  928509  22  N9  40
20200131  928509  25 N18  49
20200131  928509  26 N17  48
20200131  928509  27 N16  47
20200131  928509  33 N21  52
20200131  928509  34 N20  51
20200131  928509  38 N26  57
20200131  928509  39 N25  56
20200131  928509  43 N30  61
20200131  928509  44 N29  60
20200131  928509  49  S6  30
20200131  928509  50  S5  29
20200131  928509  51  S4  28
20200131  928509  52  S3  27
20200131  928509  53  S2  26
20200131  928509  56 S12  23
20200131  928509  57 S11  22
20200131  928509  58 S10  21
20200131  928509  59  S9  20
20200131  928509  62 S18  17
20200131  928509  63 S17  16
20200131  928509  64 S16  15
20200131  928509  65 S15  14
20200131  928509  67 S24  12
20200131  928509  68 S23  11
20200131  928509  69 S22  10
20200131  928509  70 S21   9
20200131  928509  73 S28   7
20200131  928509  74 S27   6
20200131  928509  79 S31   3
20200131  928510  13  N5  36
20200131  928510  15  N3  34
20200131  928510  16  N2  33
20200131  928510  19 N12  43
20200131  928510  20 N11  42
20200131  928510  21 N10  41
20200131  928510  22  N9  40
20200131  928510  24 N19  50
20200131  928510  25 N18  49
20200131  928510  26 N17  48
20200131  928510  27 N16  47
20200131  928510  30 N24  55
20200131  928510  31 N23  54
20200131  928510  32 N22  53
20200131  928510  36 N28  59
20200131  928510  37 N27  58
20200131  928510  38 N26  57
20200131  928510  42 N31  62
20200131  928510  43 N30  61
20200131  928510  44 N29  60
20200131  928510  49  S6  30
20200131  928510  50  S5  29
20200131  928510  51  S4  28
20200131  928510  52  S3  27
20200131  928510  53  S2  26
20200131  928510  56 S12  23
20200131  928510  57 S11  22
20200131  928510  58 S10  21
20200131  928510  59  S9  20
20200131  928510  62 S18  17
20200131  928510  63 S17  16
20200131  928510  64 S16  15
20200131  928510  65 S15  14
20200131  928510  68 S23  11
20200131  928510  69 S22  10
20200131  928510  70 S21   9
20200131  928510  71 S20   8
20200131  928510  74 S27   6
20200131  928510  75 S26   5
20200131  928510  80 S30   2
20200131  928510  81 S29   1
20200131  928510 nan nan   4
20200131  928511  12  N6  37
20200131  928511  13  N5  36
20200131  928511  15  N3  34
20200131  928511  16  N2  33
20200131  928511  19 N12  43
20200131  928511  20 N11  42
20200131  928511  21 N10  41
20200131  928511  22  N9  40
20200131  928511  26 N17  48
20200131  928511  27 N16  47
20200131  928511  30 N24  55
20200131  928511  31 N23  54
20200131  928511  32 N22  53
20200131  928511  33 N21  52
20200131  928511  36 N28  59
20200131  928511  37 N27  58
20200131  928511  38 N26  57
20200131  928511  39 N25  56
20200131  928511  42 N31  62
20200131  928511  43 N30  61
20200131  928511  44 N29  60
20200131  928511  49  S6  30
20200131  928511  50  S5  29
20200131  928511  51  S4  28
20200131  928511  52  S3  27
20200131  928511  53  S2  26
20200131  928511  56 S12  23
20200131  928511  57 S11  22
20200131  928511  58 S10  21
20200131  928511  59  S9  20
20200131  928511  62 S18  17
20200131  928511  63 S17  16
20200131  928511  64 S16  15
20200131  928511  65 S15  14
20200131  928511  68 S23  11
20200131  928511  69 S22  10
20200131  928511  70 S21   9
20200131  928511  74 S27   6
20200131  928511  75 S26   5
20200131  928511  80 S30   2
20200131  928551  16  N2  33
20200131  928551  17  N1  32
20200131  928551  22  N9  40
20200131  928551  23  N8  39
20200131  928551  28 N15  46
20200131  928551  29 N14  45
20200131  928551  34 N20  51
20200131  928551  48  S7  31
20200131  928551  49  S6  30
20200131  928551  54  S1  25
20200131  928551  55 S13  24
20200131  928551  56 S12  23
20200131  928551  61 S19  18
20200131  928552  11  N7  38
20200131  928552  12  N6  37
20200131  928552  16  N2  33
20200131  928552  17  N1  32
20200131  928552  23  N8  39
20200131  928552  29 N14  45
20200131  928552  48  S7  31
20200131  928552  49  S6  30
20200131  928552  53  S2  26
20200131  928552  54  S1  25
20200131  928552  60  S8  19
20200131  928554  67 S24  12
20200131  928554  68 S23  11
20200131  928554  73 S28   7
20200131  928576  31 N23  54
20200131  928576 nan nan  48
20200131  928596 nan nan   4
20200131  928597  27 N16  47
20200131  928597  33 N21  52
20200131  928597  38 N26  57
20200131  928597  39 N25  56
20200131  928597  57 S11  22
20200131  928597  62 S18  17
20200131  928597  63 S17  16
20200131  928597  68 S23  11
20200131  928597  69 S22  10
20200131  928598  48  S7  31
20200131  928598  55 S13  24
20200131  928675  60  S8  19
20200131  928675  66 S14  13
20200131  928676 nan nan   1
20200131  928677  62 S18  17
20200131  928677  67 S24  12
20200201  928809  26 N17  48
20200201  928810  31 N23  54
20200201  928850  12  N6  37
20200201  928850  13  N5  36
20200201  928850  14  N4  35
20200201  928850  15  N3  34
20200201  928850  16  N2  33
20200201  928850  19 N12  43
20200201  928850  20 N11  42
20200201  928850  21 N10  41
20200201  928850  22  N9  40
20200201  928850  25 N18  49
20200201  928850  26 N17  48
20200201  928850  27 N16  47
20200201  928850  49  S6  30
20200201  928850  50  S5  29
20200201  928850  52  S3  27
20200201  928850  53  S2  26
20200201  928850  56 S12  23
20200201  928850  57 S11  22
20200201  928850  58 S10  21
20200201  928850  59  S9  20
20200201  928850  62 S18  17
20200201  928850  63 S17  16
20200201  928850  64 S16  15
20200201  928850  65 S15  14
20200201  928850  68 S23  11
20200201  928850  69 S22  10
20200201  928850  70 S21   9
20200201  928926  26 N17  48
20200201  928938  55 S13  24
20200201  928938  56 S12  23
20200201  928973  52  S3  27
20200201  928973  59  S9  20
20200201  928974  17  N1  32
20200201  928974  54  S1  25
20200201  928993  42 N31  62
20200201  928993 nan nan  58
20200201  928994  60  S8  19
20200201  928994  66 S14  13
20200201  928994 nan nan  20
20200201  929011  68 S23  11
20200201  929011  69 S22  10
20200201  929102  70 S21   9
20200201  929102  71 S20   8
20200201  929102  76 S25   4
20200201  929102 nan nan  55
20200201  929102 nan nan  59
20200201  929109  48  S7  31
20200202  929392  18 N13  44
20200202  929392  24 N19  50
20200202  929393  18 N13  44
20200202  929393  24 N19  50
20200202  929406  16  N2  33
20200202  929446  30 N24  55
20200202  929446 nan nan   8
20200202  929448  79 S31   3
20200202  929448 nan nan  60
20200202  929449  53  S2  26
20200202  929449  59  S9  20
20200202  929449  60  S8  19
20200202  929449  65 S15  14
20200202  929449  66 S14  13
20200202  929453  38 N26  57
20200202  929453  67 S24  12
20200202  929453  68 S23  11
20200202  929453  69 S22  10
20200202  929453  73 S28   7
20200202  929453  74 S27   6
20200202  929453  75 S26   5
20200202  929453  79 S31   3
20200202  929453  80 S30   2
20200202  929453 nan nan  60
20200202  929464  65 S15  14
20200202  929464  70 S21   9
20200202  929464  71 S20   8
20200202  929464 nan nan   4
20200202  929465  21 N10  41
20200202  929465  26 N17  48
20200202  929465  27 N16  47
20200202  929465  28 N15  46
20200202  929465  31 N23  54
20200202  929465  32 N22  53
20200202  929465  33 N21  52
20200202  929465  34 N20  51
20200202  929465  36 N28  59
20200202  929465  37 N27  58
20200202  929465  38 N26  57
20200202  929465  39 N25  56
20200202  929465  42 N31  62
20200202  929465  68 S23  11
20200202  929465  69 S22  10
20200202  929465  74 S27   6
20200202  929465 nan nan   3
20200202  929465 nan nan   2
20200202  929466  12  N6  37
20200202  929466  16  N2  33
20200202  929466  17  N1  32
20200202  929466  18 N13  44
20200202  929466  19 N12  43
20200202  929466  24 N19  50
20200202  929466  52  S3  27
20200202  929466  53  S2  26
20200202  929466  54  S1  25
20200202  929466  59  S9  20
20200202  929466  60  S8  19
20200202  929466  65 S15  14
20200202  929466  66 S14  13
20200202  929466  71 S20   8
20200202  929528  24 N19  50
20200202  929528  25 N18  49
20200202  929528  30 N24  55
20200202  929548  39 N25  56
20200202  929548 nan nan  52
20200203  929719  71 S20   8
20200203  929723  71 S20   8
20200203  929724  71 S20   8
20200203  929725  71 S20   8
20200203  929726  71 S20   8
20200203  929804  18 N13  44
20200203  929839  13  N5  36
20200203  929839  50  S5  29
20200203  929865  68 S23  11
20200203  929865 nan nan  16
20200203  929866  68 S23  11
20200203  929866 nan nan  16
20200203  929904  50  S5  29
20200203  929904  51  S4  28
20200203  929904  57 S11  22
20200205  930740  67 S24  12
20200205  930740 nan nan  17
20200206  930834  38 N26  57
20200206  930834  43 N30  61
20200206  930834  44 N29  60
20200206  930835  61 S19  18
20200206  930835  62 S18  17
20200206  930835 nan nan  12
20200206  930835 nan nan  39
20200206  930835 nan nan  40
20200206  930835 nan nan  45
20200206  930835 nan nan  46
20200206  930842  59  S9  20
20200206  930842  60  S8  19
20200206  930842  65 S15  14
20200206  930842  66 S14  13
20200206  930842 nan nan  42
20200206  930842 nan nan  50
20200206  930842 nan nan  55
20200206  930843  61 S19  18
20200206  930843  62 S18  17
20200206  930843 nan nan  12
20200206  930843 nan nan  39
20200206  930843 nan nan  40
20200206  930843 nan nan  45
20200206  930843 nan nan  46
20200206  930936  19 N12  43
20200206  930943  23  N8  39
20200206  930943  29 N14  45
20200206  930944  26 N17  48
20200206  930944 nan nan  42
20200206  930955  42 N31  62
20200206  930955 nan nan  58
20200206  930956  71 S20   8
20200206  930956 nan nan  14
20200206  930996  71 S20   8
20200206  930996  76 S25   4
20200207  931165  14  N4  35
20200207  931165  15  N3  34
20200207  931165  20 N11  42
20200207  931165  21 N10  41
20200207  931165  50  S5  29
20200207  931165  51  S4  28
20200207  931165  52  S3  27
20200207  931165  57 S11  22
20200207  931169  16  N2  33
20200207  931177  16  N2  33
20200207  931252  26 N17  48
20200207  931317  17  N1  32
20200207  931317  54  S1  25
20200208  931637  16  N2  33
20200208  931637  22  N9  40
20200208  931637  23  N8  39
20200208  931637  28 N15  46
20200208  931637  48  S7  31
20200208  931637  49  S6  30
20200208  931637  55 S13  24
20200208  931637  56 S12  23
20200208  931637  61 S19  18
20200208  931638  75 S26   5
20200208  931638  80 S30   2
20200208  931643  28 N15  46
20200208  931643  33 N21  52
20200208  931643  34 N20  51
20200208  931643  39 N25  56
20200208  931643  61 S19  18
20200208  931643  62 S18  17
20200208  931643  67 S24  12
20200208  931643  68 S23  11
20200208  931643  73 S28   7
20200208  931652  67 S24  12
20200208  931652  73 S28   7
20200208  931658  29 N14  45
20200209  932002  31 N23  54
20200209  932033  31 N23  54
20200209  932033  36 N28  59
20200210  932376  38 N26  57
20200210  932376 nan nan   6
20200210  932376 nan nan   2
20200211  932583  71 S20   8
20200211  932587  71 S20   8
20200211  932588  71 S20   8
20200211  932589  71 S20   8
20200211  932590  71 S20   8
20200211  932658  16  N2  33
20200211  932733  30 N24  55
20200211  932740  30 N24  55
20200211  932757  30 N24  55
20200212  932985  33 N21  52
20200212  932985  34 N20  51
20200212  932985  39 N25  56
20200212  933089  38 N26  57
20200213  933588  63 S17  16
20200213  933588  68 S23  11
20200213  933588  69 S22  10
20200213  933588  73 S28   7
20200213  933588  74 S27   6
20200213  933588  79 S31   3
20200217  935269  28 N15  46
20200217  935269  34 N20  51
20200217  935269  39 N25  56
20200217  935270  75 S26   5
20200217  935270 nan nan   1
20200217  935275  48  S7  31
20200217  935275  49  S6  30
20200217  935275  55 S13  24
20200217  935300  28 N15  46
20200217  935300  33 N21  52
20200217  935300  34 N20  51
20200217  935300  39 N25  56
20200217  935301  75 S26   5
20200217  935301  80 S30   2
20200217  935306  48  S7  31
20200217  935306  49  S6  30
20200217  935306  55 S13  24
20200218  935823  37 N27  58
20200218  935823  38 N26  57
20200218  935823  43 N30  61
20200218  935824  37 N27  58
20200218  935824  38 N26  57
20200218  935824  43 N30  61
20200223  938112  67 S24  12
20200223  938112  68 S23  11
20200223  938112  73 S28   7
20200223  938113  56 S12  23
20200223  938113  61 S19  18
20200223  938113  62 S18  17
20200223  938113  67 S24  12
20200223  938113  68 S23  11
20200223  938113 nan nan   3
20200223  938113 nan nan  34
20200223  938113 nan nan  41
20200223  938113 nan nan  40
20200223  938113 nan nan  47
20200223  938154  51  S4  28
20200223  938154  58 S10  21
20200223  938154 nan nan  22
20200223  938154 nan nan  35
20200223  938155  58 S10  21
20200223  938155  59  S9  20
20200223  938155  64 S16  15
20200223  938155  65 S15  14
20200223  938156  54  S1  25
20200223  938156  60  S8  19
20200223  938156 nan nan  37
20200223  938156 nan nan  44
20200223  938163  25 N18  49
20200223  938163  26 N17  48
20200223  938163  30 N24  55
20200223  938163  31 N23  54
20200223  938163  36 N28  59
20200223  938163  37 N27  58
20200223  938164  26 N17  48
20200223  938164  27 N16  47
20200223  938164  32 N22  53
20200223  938165  28 N15  46
20200223  938165  29 N14  45
20200223  938165  34 N20  51
20200223  938169 nan nan  12
20200223  938169 nan nan  51
20200223  938169 nan nan  56
20200223  938170  73 S28   7
20200223  938170  79 S31   3
20200223  938170 nan nan  52
20200223  938170 nan nan  57
20200223  938171  75 S26   5
20200223  938171  80 S30   2
20200223  938171 nan nan   1
20200223  938190  30 N24  55
20200223  938190  31 N23  54
20200223  938190  36 N28  59
20200223  938190  37 N27  58
20200223  938190  58 S10  21
20200223  938190  59  S9  20
20200223  938190  64 S16  15
20200223  938190  65 S15  14
20200226  938912  62 S18  17
20200226  938912  63 S17  16
20200226  938991  36 N28  59
20200226  938991 nan nan  54
20200228  939704  11  N7  38
20200228  939704  12  N6  37
20200228  939704  18 N13  44
20200228  939708 nan nan   4
20200228  939708 nan nan   5
20200228  939709 nan nan  17
20200228  939709 nan nan  23
20200301  940235  11  N7  38
20200301  940235  12  N6  37
20200301  940235  18 N13  44
20200301  940235  19 N12  43
20200301  940238  76 S25   4
20200301  940239  34 N20  51
20200301  940239  39 N25  56
20200301  940241  76 S25   4
20200304  941175  33 N21  52
20200304  941175  34 N20  51
20200304  941175  39 N25  56
20200304  941175  44 N29  60
20200304  941175 nan nan   3
20200304  941175 nan nan   7
20200305  941447  16  N2  33
20200305  941452  28 N15  46
20200305  941452  33 N21  52
20200305  941452  34 N20  51
20200305  941452  39 N25  56
20200305  941452  61 S19  18
20200305  941452  62 S18  17
20200305  941452  67 S24  12
20200305  941452  68 S23  11
20200305  941452  73 S28   7
20200305  941453  16  N2  33
20200305  941453  22  N9  40
20200305  941453  23  N8  39
20200305  941453  28 N15  46
20200305  941453  48  S7  31
20200305  941453  49  S6  30
20200305  941453  55 S13  24
20200305  941453  56 S12  23
20200305  941453  61 S19  18
20200305  941459 nan nan   1
20200305  941466  67 S24  12
20200305  941471  29 N14  45
20200305  941479  34 N20  51
20200306  941654  16  N2  33
20200306  941681  67 S24  12
20200306  941714  55 S13  24
20200306  941724  27 N16  47
20200306  941724  33 N21  52
20200306  941724  38 N26  57
20200306  941724  39 N25  56
20200306  941724  62 S18  17
20200306  941724  67 S24  12
20200306  941724  68 S23  11
20200306  941741  59  S9  20
20200306  941741  65 S15  14
20200306  941751  21 N10  41
20200306  941751  27 N16  47
20200307  941925  57 S11  22
20200307  941925  63 S17  16
20200307  941925  64 S16  15
20200307  941925  68 S23  11
20200307  941925  69 S22  10
20200313  942594  30 N24  55
20200313  942594 nan nan   3
20200313  942594 nan nan   7
20200313  942597  56 S12  23
20200313  942597  57 S11  22
20200313  942609  11  N7  38
20200313  942609  12  N6  37
20200313  942609  13  N5  36
20200313  942609  14  N4  35
20200313  942609  15  N3  34
20200313  942609  16  N2  33
20200313  942609  17  N1  32
20200313  942609  18 N13  44
20200313  942609  19 N12  43
20200313  942609  20 N11  42
20200313  942609  21 N10  41
20200313  942609  22  N9  40
20200313  942609  23  N8  39
20200313  942609  25 N18  49
20200313  942609  26 N17  48
20200313  942609  27 N16  47
20200313  942609  29 N14  45
20200313  942609  31 N23  54
20200313  942609  32 N22  53
20200313  942609  34 N20  51
20200313  942609  48  S7  31
20200313  942609  49  S6  30
20200313  942609  50  S5  29
20200313  942609  51  S4  28
20200313  942609  52  S3  27
20200313  942609  53  S2  26
20200313  942609  54  S1  25
20200313  942609  55 S13  24
20200313  942609  56 S12  23
20200313  942609  57 S11  22
20200313  942609  58 S10  21
20200313  942609  59  S9  20
20200313  942609  60  S8  19
20200313  942609  62 S18  17
20200313  942609  63 S17  16
20200313  942609  64 S16  15
20200313  942609  66 S14  13
20200313  942609  68 S23  11
20200313  942609  69 S22  10
20200313  942610  12  N6  37
20200313  942610  13  N5  36
20200313  942610  14  N4  35
20200313  942610  15  N3  34
20200313  942610  16  N2  33
20200313  942610  17  N1  32
20200313  942610  18 N13  44
20200313  942610  19 N12  43
20200313  942610  20 N11  42
20200313  942610  21 N10  41
20200313  942610  22  N9  40
20200313  942610  23  N8  39
20200313  942610  25 N18  49
20200313  942610  26 N17  48
20200313  942610  27 N16  47
20200313  942610  28 N15  46
20200313  942610  29 N14  45
20200313  942610  31 N23  54
20200313  942610  32 N22  53
20200313  942610  33 N21  52
20200313  942610  34 N20  51
20200313  942610  39 N25  56
20200313  942610  48  S7  31
20200313  942610  49  S6  30
20200313  942610  50  S5  29
20200313  942610  51  S4  28
20200313  942610  52  S3  27
20200313  942610  53  S2  26
20200313  942610  54  S1  25
20200313  942610  55 S13  24
20200313  942610  56 S12  23
20200313  942610  57 S11  22
20200313  942610  58 S10  21
20200313  942610  59  S9  20
20200313  942610  60  S8  19
20200313  942610  61 S19  18
20200313  942610  62 S18  17
20200313  942610  63 S17  16
20200313  942610  64 S16  15
20200313  942610  68 S23  11
20200313  942610  69 S22  10
20200313  942611  12  N6  37
20200313  942611  13  N5  36
20200313  942611  14  N4  35
20200313  942611  15  N3  34
20200313  942611  16  N2  33
20200313  942611  19 N12  43
20200313  942611  20 N11  42
20200313  942611  21 N10  41
20200313  942611  22  N9  40
20200313  942611  23  N8  39
20200313  942611  25 N18  49
20200313  942611  26 N17  48
20200313  942611  27 N16  47
20200313  942611  28 N15  46
20200313  942611  29 N14  45
20200313  942611  31 N23  54
20200313  942611  32 N22  53
20200313  942611  33 N21  52
20200313  942611  34 N20  51
20200313  942611  37 N27  58
20200313  942611  38 N26  57
20200313  942611  49  S6  30
20200313  942611  50  S5  29
20200313  942611  51  S4  28
20200313  942611  52  S3  27
20200313  942611  53  S2  26
20200313  942611  56 S12  23
20200313  942611  57 S11  22
20200313  942611  58 S10  21
20200313  942611  59  S9  20
20200313  942611  62 S18  17
20200313  942611  63 S17  16
20200313  942611  64 S16  15
20200313  942611  65 S15  14
20200313  942611  68 S23  11
20200313  942611  69 S22  10
20200313  942611  70 S21   9
20200313  942644  11  N7  38
20200313  942644  12  N6  37
20200313  942644  13  N5  36
20200313  942644  14  N4  35
20200313  942644  15  N3  34
20200313  942644  16  N2  33
20200313  942644  18 N13  44
20200313  942644  19 N12  43
20200313  942644  20 N11  42
20200313  942644  21 N10  41
20200313  942644  22  N9  40
20200313  942644  24 N19  50
20200313  942644  25 N18  49
20200313  942644  26 N17  48
20200313  942644  27 N16  47
20200313  942644  28 N15  46
20200313  942644  30 N24  55
20200313  942644  31 N23  54
20200313  942644  32 N22  53
20200313  942644  33 N21  52
20200313  942644  36 N28  59
20200313  942644  37 N27  58
20200313  942644  38 N26  57
20200313  942644  42 N31  62
20200313  942644  43 N30  61
20200313  942644  49  S6  30
20200313  942644  50  S5  29
20200313  942644  51  S4  28
20200313  942644  52  S3  27
20200313  942644  53  S2  26
20200313  942644  56 S12  23
20200313  942644  57 S11  22
20200313  942644  58 S10  21
20200313  942644  59  S9  20
20200313  942644  62 S18  17
20200313  942644  63 S17  16
20200313  942644  64 S16  15
20200313  942644  65 S15  14
20200313  942644  68 S23  11
20200313  942644  69 S22  10
20200313  942644  70 S21   9
20200313  942644  71 S20   8
20200315  943309  16  N2  33
20200316  943603  62 S18  17
20200316  943603  63 S17  16
20200316  943604  79 S31   3
20200316  943604 nan nan   7
20200316  943604 nan nan  56
20200316  943604 nan nan  57
20200316  943604 nan nan  51
20200316  943604 nan nan  52
20200316  943606  25 N18  49
20200316  943606  26 N17  48
20200316  943709  14  N4  35
20200316  943709  15  N3  34
20200316  943709  20 N11  42
20200316  943709  21 N10  41
20200316  943709  22  N9  40
20200316  943709  26 N17  48
20200316  943709  27 N16  47
20200316  943709  28 N15  46
20200316  943709  29 N14  45
20200316  943709  32 N22  53
20200316  943709  34 N20  51
20200316  943709  37 N27  58
20200316  943709  38 N26  57
20200316  943709  39 N25  56
20200316  943709  43 N30  61
20200316  943709  44 N29  60
20200316  943709  57 S11  22
20200316  943709  62 S18  17
20200316  943709  63 S17  16
20200316  943709  68 S23  11
20200316  943719  57 S11  22
20200316  943719  63 S17  16
# DECADE Addition
20191007  901545  nan nan  9
20191007  901545  nan nan 14
20191007  901545  nan nan 15
20191223  921994  nan nan 60
20191223  921994  nan nan 57
20200223  938111  nan nan  9
20200223  938111  nan nan 14
20200223  938111  nan nan 15
20200315  943318  nan nan 37
20200315  943318  nan nan 38
20200315  943318  nan nan 44
20190807  883932 nan nan  27
20190807  883932 nan nan  34
20190817  887842 nan nan  28
20190817  887842 nan nan  29
20190817  887842 nan nan  41
20190817  887842 nan nan  47
20190817  887844 nan nan  28
20190817  887844 nan nan  29
20190817  887844 nan nan  41
20190817  887844 nan nan  47
20190817  887878 nan nan  28
20190817  887878 nan nan  29
20190817  887878 nan nan  41
20190817  887878 nan nan  47
20190821  889174 nan nan  22
20190821  889174 nan nan  23
20190821  889174 nan nan  29
20190821  889174 nan nan  34
20190821  889174 nan nan  40
20191211  916578 nan nan  6
20191212  916886 nan nan  7
20191212  916890 nan nan  1
20191212  916890 nan nan  4
20191212  916895 nan nan  1
20191212  916895 nan nan  4
20191212  916896 nan nan  7
20191212  916896 nan nan  12
20191212  916900 nan nan  1
20191212  916900 nan nan  4
20191212  916905 nan nan  1
20191212  916905 nan nan  4
20191223  921993 nan nan  10
20191223  921993 nan nan  11
20191223  921993 nan nan  52
20191223  921993 nan nan  56
20191223  921993 nan nan  57
20191223  921993 nan nan  60
20191223  921995 nan nan  12
20191223  921995 nan nan  45
20191223  921995 nan nan  51
20191228  923163 nan nan  2
20191228  923163 nan nan  6
20191228  923168 nan nan  2
20191228  923168 nan nan  6
20191228  923169 nan nan  2
20191228  923169 nan nan  5
20191228  923169 nan nan  6
20191228  923169 nan nan  10
20191228  923169 nan nan  16
20191228  923170 nan nan  2
20191228  923170 nan nan  6
20191228  923170 nan nan  11
20191228  923171 nan nan  2
20191228  923171 nan nan  6
20191228  923178 nan nan  2
20191228  923178 nan nan  6
20191228  923178 nan nan  10
20191228  923178 nan nan  16
20200102  924142 nan nan  24
20201117  955335 nan nan  24
20201117  955336 nan nan  55
20201117  955338 nan nan  24
20201118  955585 nan nan  2
20201120  956392 nan nan  8
20201120  956392 nan nan  12
20201123  957276 nan nan  39
20201123  957399 nan nan  15
20201123  957399 nan nan  21
20201123  957400 nan nan  10
20201123  957400 nan nan  15
20201123  957400 nan nan  21
20201123  957408 nan nan  37
20201123  957408 nan nan  44
20201123  957409 nan nan  37
20201123  957409 nan nan  44
20210216  965913 nan nan  2
20210412  984257 nan nan  2
20210412  984257 nan nan  6
20210412  984257 nan nan  10

