#date     expnum ccd id ccdnum
20160802  558417 nan nan  32
20160802  558418 nan nan  32
20160802  558462  57 S11  22
20160802  558462 nan nan  28
20160802  558483  13  N5  36
20160802  558483  14  N4  35
20160802  558484  65 S15  14
20160802  558484  70 S21   9
20160802  558484  71 S20   8
20160802  558484  76 S25   4
20160802  558558  38 N26  57
20160802  558558  43 N30  61
20160802  558558  44 N29  60
20160803  559025  44 N29  60
20160803  559074  18 N13  44
20160803  559074  24 N19  50
20160803  559074  53  S2  26
20160803  559074  54  S1  25
20160803  559074  60  S8  19
20160803  559074  66 S14  13
20160803  559075  19 N12  43
20160803  559075  25 N18  49
20160803  559075  26 N17  48
20160803  559075  31 N23  54
20160803  559075  71 S20   8
20160803  559075  76 S25   4
20160810  562795  16  N2  33
20160810  562795  22  N9  40
20160810  562795  23  N8  39
20160810  562795  28 N15  46
20160810  562795  29 N14  45
20160811  563120  60  S8  19
20160811  563120  66 S14  13
20160811  563241  16  N2  33
20160811  563241  22  N9  40
20160811  563241  23  N8  39
20160812  563441  70 S21   9
20160812  563441  71 S20   8
20160812  563441  76 S25   4
20160812  563504  38 N26  57
20160812  563504  43 N30  61
20160812  563504  44 N29  60
20160812  563529  55 S13  24
20160812  563529  56 S12  23
20160812  563529  61 S19  18
20160812  563529  62 S18  17
20160812  563605  37 N27  58
20160813  563847  20 N11  42
20160813  563847  26 N17  48
20160813  563870  44 N29  60
20160813  563870 nan nan  56
20160817  565946  30 N24  55
20160817  565946 nan nan  49
20160817  565972  30 N24  55
20160817  565972 nan nan  49
20160829  569105  48  S7  31
20160829  569105  55 S13  24
20160829  569105 nan nan  30
20160829  569105 nan nan  38
20160829  569105 nan nan  37
20160829  569105 nan nan  26
20160829  569105 nan nan  33
20160829  569106  12  N6  37
20160829  569106  49  S6  30
20160829  569107  48  S7  31
20160829  569107  55 S13  24
20160829  569107 nan nan  30
20160829  569107 nan nan  37
20160829  569107 nan nan  38
20160829  569108  12  N6  37
20160829  569108  49  S6  30
20160829  569108 nan nan  31
20160829  569108 nan nan  38
20160829  569108 nan nan  19
20160915  575249  30 N24  55
20160915  575249 nan nan  49
20160915  575261  30 N24  55
20160915  575261 nan nan  49
20160915  575273  30 N24  55
20160915  575273 nan nan  49
20160915  575285  30 N24  55
20160915  575285 nan nan  49
20160915  575297  30 N24  55
20160915  575297 nan nan  49
20160915  575319  30 N24  55
20160915  575319 nan nan  49
20160915  575334  30 N24  55
20160915  575334 nan nan  49
20160915  575346  30 N24  55
20160915  575346 nan nan  49
20161012  583117  16  N2  33
20161012  583117  22  N9  40
20161012  583117  23  N8  39
20161012  583117  53  S2  26
20161012  583179  25 N18  49
20161012  583179  30 N24  55
20161012  583179 nan nan   8
20161012  583179 nan nan  13
20161012  583180  29 N14  45
20161012  583180  34 N20  51
20161030  588121  13  N5  36
20161030  588121  19 N12  43
20161030  588122  13  N5  36
20161030  588122  19 N12  43
20161030  588125  13  N5  36
20161030  588125  19 N12  43
20161031  588404  13  N5  36
20161031  588404  19 N12  43
20161031  588404 nan nan  32
20161031  588405  13  N5  36
20161031  588405  19 N12  43
20161031  588405 nan nan  32
20161031  588406  13  N5  36
20161031  588406  19 N12  43
20161031  588406 nan nan  32
20161031  588407  13  N5  36
20161031  588407  19 N12  43
20161031  588407 nan nan  32
20161031  588408  13  N5  36
20161031  588408  19 N12  43
20161031  588408 nan nan  32
20161031  588410  20 N11  42
20161031  588411  20 N11  42
20161031  588412  20 N11  42
20161031  588413  20 N11  42
20161031  588415  12  N6  37
20161031  588415  19 N12  43
20161031  588415 nan nan  25
20161031  588416  12  N6  37
20161031  588416  19 N12  43
20161031  588416 nan nan  25
20161031  588417  12  N6  37
20161031  588417  19 N12  43
20161031  588417 nan nan  25
20161031  588418  12  N6  37
20161031  588418  19 N12  43
20161031  588418 nan nan  25
20161031  588420  13  N5  36
20161031  588420  19 N12  43
20161031  588420 nan nan  25
20161031  588421  13  N5  36
20161031  588421  19 N12  43
20161031  588421 nan nan  25
20161031  588422  13  N5  36
20161031  588422  19 N12  43
20161031  588422 nan nan  25
20161031  588423  13  N5  36
20161031  588423  19 N12  43
20161031  588423 nan nan  25
20161031  588424  13  N5  36
20161031  588424  19 N12  43
20161031  588424 nan nan  25
20161031  588425  13  N5  36
20161031  588425  19 N12  43
20161031  588425 nan nan  25
20161031  588426  13  N5  36
20161031  588426  19 N12  43
20161031  588426 nan nan  25
20161031  588427  13  N5  36
20161031  588427  19 N12  43
20161031  588427 nan nan  25
20161031  588428  13  N5  36
20161031  588428  19 N12  43
20161031  588428 nan nan  25
20161031  588429  13  N5  36
20161031  588429  19 N12  43
20161031  588429 nan nan  25
20161031  588430  13  N5  36
20161031  588430  19 N12  43
20161031  588430 nan nan  25
20161031  588431  13  N5  36
20161031  588431  19 N12  43
20161031  588431 nan nan  25
20161113  592654  34 N20  51
20161114  592813  20 N11  42
20161114  592813  21 N10  41
20161114  592813  26 N17  48
20161114  592890  12  N6  37
20161114  592890  13  N5  36
20161114  592890  15  N3  34
20161114  592890  16  N2  33
20161114  592890  19 N12  43
20161114  592890  20 N11  42
20161114  592890  21 N10  41
20161114  592890  22  N9  40
20161114  592890  25 N18  49
20161114  592890  26 N17  48
20161114  592890  27 N16  47
20161114  592890  28 N15  46
20161114  592890  32 N22  53
20161114  592890  33 N21  52
20161114  592890  49  S6  30
20161114  592890  50  S5  29
20161114  592890  52  S3  27
20161114  592890  53  S2  26
20161114  592890  56 S12  23
20161114  592890  57 S11  22
20161114  592890  58 S10  21
20161114  592890  59  S9  20
20161114  592890  60  S8  19
20161114  592890  62 S18  17
20161114  592890  63 S17  16
20161114  592890  64 S16  15
20161114  592890  65 S15  14
20161114  592890  68 S23  11
20161114  592890  69 S22  10
20161114  592890  70 S21   9
20161114  592890  71 S20   8
20161114  592890  75 S26   5
20161114  592890  76 S25   4
20161114  592890  81 S29   1
20170104  606613  55 S13  24
20170104  606613  61 S19  18
20170104  606613 nan nan  23
20170104  606638  58 S10  21
20170104  606638  64 S16  15
20170104  606638 nan nan  59
20170105  606874  55 S13  24
20170105  606874  61 S19  18
20170105  606874 nan nan  23
20170108  607862  55 S13  24
20170108  607862  61 S19  18
20170108  607862 nan nan  23
20170108  607888  58 S10  21
20170108  607888  64 S16  15
20170108  607888 nan nan  59
20170110  608606  17  N1  32
20170110  608606  54  S1  25
20170110  608606 nan nan  26
20170110  608606 nan nan  33
20170118  610489  58 S10  21
20170118  610489  64 S16  15
20170118  610489 nan nan  59
20170119  610973  55 S13  24
20170119  610973  61 S19  18
20170119  610973 nan nan  23
20170128  614231  16  N2  33
20170128  614231  53  S2  26
20170128  614232  16  N2  33
20170128  614232  53  S2  26
20170128  614234  16  N2  33
20170128  614234  53  S2  26
20170129  614549  16  N2  33
20170129  614549  53  S2  26
20170129  614550  16  N2  33
20170129  614550  53  S2  26
20170129  614557  16  N2  33
20170129  614557  53  S2  26
20170129  614558  16  N2  33
20170129  614558  53  S2  26
20170129  614561  16  N2  33
20170129  614561  53  S2  26
20170129  614562  16  N2  33
20170129  614562  53  S2  26
20170129  614566  16  N2  33
20170129  614566  53  S2  26
20170204  616863 nan nan  12
20170204  616868 nan nan  12
20170205  617391 nan nan  12
20170206  617882 nan nan  12
20170210  619388  18 N13  44
20170210  619388  19 N12  43
20170210  619388  24 N19  50
20170210  619388  25 N18  49
20170210  619389  18 N13  44
20170210  619389  24 N19  50
20170210  619395  23  N8  39
20170210  619395  29 N14  45
20170213  620480  51  S4  28
20170213  620480  58 S10  21
20170214  620909  22  N9  40
20170214  620909  23  N8  39
20170214  620909  28 N15  46
20170214  620909  29 N14  45
20170214  620909  34 N20  51
20170214  620942  21 N10  41
20170220  623126  43 N30  61
20170220  623126  44 N29  60
20170220  623126  73 S28   7
20170220  623126  74 S27   6
20170220  623149  25 N18  49
20170220  623149  26 N17  48
20170220  623149  31 N23  54
20170220  623149  32 N22  53
20170220  623149  70 S21   9
20170220  623149  75 S26   5
20170220  623149  80 S30   2
20170220  623149  81 S29   1
20170220  623149 nan nan   4
20170221  623313  52  S3  27
20170221  623313  58 S10  21
20170221  623314  52  S3  27
20170221  623314  58 S10  21
20170221  623406 nan nan   7
20170221  623456 nan nan  23
20170221  623456 nan nan  24
20170221  623456 nan nan  30
20170221  623458 nan nan  37
20170221  623458 nan nan  38
20170222  623913  19 N12  43
20170222  623913 nan nan  49
20170222  623925  60  S8  19
20170222  623932  15  N3  34
20170222  623932  16  N2  33
20170222  623932  22  N9  40
20170223  624246  38 N26  57
20170223  624246  43 N30  61
20170223  624248  18 N13  44
20170223  624248  24 N19  50
20170223  624251  19 N12  43
20170223  624251  20 N11  42
20170223  624251  25 N18  49
20170223  624251  26 N17  48
20170223  624251  65 S15  14
20170223  624251  66 S14  13
20170223  624251  71 S20   8
20170223  624251  76 S25   4
20170223  624252  65 S15  14
20170223  624252  66 S14  13
20170223  624252  71 S20   8
20170223  624252  76 S25   4
20170228  624455  28 N15  46
20170228  624455  33 N21  52
20170228  624625  34 N20  51
20170228  624625 nan nan  46
20170301  624825  26 N17  48
20170301  624825  27 N16  47
20170301  625094  16  N2  33
20170301  625094  22  N9  40
20170301  625094  23  N8  39
20170301  625103  55 S13  24
20170301  625103  61 S19  18
20170302  625498  12  N6  37
20170302  625498  13  N5  36
20170302  625498  15  N3  34
20170302  625498  16  N2  33
20170302  625498  19 N12  43
20170302  625498  20 N11  42
20170302  625498  21 N10  41
20170302  625498  22  N9  40
20170302  625498  25 N18  49
20170302  625498  26 N17  48
20170302  625498  27 N16  47
20170302  625498  28 N15  46
20170302  625498  31 N23  54
20170302  625498  32 N22  53
20170302  625498  33 N21  52
20170302  625498  37 N27  58
20170302  625498  38 N26  57
20170302  625498  43 N30  61
20170302  625498  49  S6  30
20170302  625498  50  S5  29
20170302  625498  52  S3  27
20170302  625498  53  S2  26
20170302  625498  56 S12  23
20170302  625498  57 S11  22
20170302  625498  58 S10  21
20170302  625498  59  S9  20
20170302  625498  62 S18  17
20170302  625498  63 S17  16
20170302  625498  64 S16  15
20170302  625498  65 S15  14
20170302  625498  69 S22  10
20170302  625498  79 S31   3
20170302  625498  80 S30   2
20170302  625500  12  N6  37
20170302  625500  13  N5  36
20170302  625500  15  N3  34
20170302  625500  16  N2  33
20170302  625500  18 N13  44
20170302  625500  19 N12  43
20170302  625500  20 N11  42
20170302  625500  21 N10  41
20170302  625500  22  N9  40
20170302  625500  23  N8  39
20170302  625500  24 N19  50
20170302  625500  25 N18  49
20170302  625500  26 N17  48
20170302  625500  27 N16  47
20170302  625500  28 N15  46
20170302  625500  30 N24  55
20170302  625500  31 N23  54
20170302  625500  32 N22  53
20170302  625500  33 N21  52
20170302  625500  36 N28  59
20170302  625500  42 N31  62
20170302  625500  49  S6  30
20170302  625500  50  S5  29
20170302  625500  52  S3  27
20170302  625500  53  S2  26
20170302  625500  56 S12  23
20170302  625500  57 S11  22
20170302  625500  58 S10  21
20170302  625500  59  S9  20
20170302  625500  60  S8  19
20170302  625500  62 S18  17
20170302  625500  63 S17  16
20170302  625500  64 S16  15
20170302  625500  65 S15  14
20170302  625500  66 S14  13
20170302  625500  68 S23  11
20170302  625500  69 S22  10
20170302  625500  70 S21   9
20170302  625500  71 S20   8
20170302  625500  75 S26   5
20170302  625500 nan nan  28
20170302  625500 nan nan  35
20170304  625972  21 N10  41
20170304  625972  22  N9  40
20170304  625972  27 N16  47
20170304  625972  28 N15  46
20170304  626094  16  N2  33
20170304  626094  17  N1  32
20170304  626094  53  S2  26
20170304  626094  54  S1  25
20170304  626100  63 S17  16
20170304  626100  69 S22  10
20170305  626361  12  N6  37
20170305  626361 nan nan  36
20170305  626362  11  N7  38
20170305  626362  18 N13  44
20170305  626362 nan nan  37
20170308  627765  18 N13  44
20170308  627765  19 N12  43
20170308  627765  24 N19  50
20170308  627766  13  N5  36
20170308  627766  18 N13  44
20170308  627766  19 N12  43
20170308  627766  24 N19  50
20170308  627766  25 N18  49
20170308  627767  22  N9  40
20170308  627767  23  N8  39
20170308  627767  29 N14  45
20170308  627768  17  N1  32
20170308  627768  23  N8  39
20170309  628228  18 N13  44
20170309  628228  24 N19  50
20170309  628228  53  S2  26
20170309  628228  59  S9  20
20170309  628228  60  S8  19
20170309  628228  65 S15  14
20170309  628229  18 N13  44
20170309  628229  19 N12  43
20170309  628229  24 N19  50
20170309  628232  23  N8  39
20170309  628232  29 N14  45
20170309  628232  49  S6  30
20170309  628232  55 S13  24
20170309  628232  56 S12  23
20170309  628232  61 S19  18
20170309  628232  62 S18  17
20170309  628233  22  N9  40
20170309  628233  23  N8  39
20170309  628233  29 N14  45
20170312  629270  73 S28   7
20170312  629271  24 N19  50
20170312  629272  24 N19  50
20170312  629273  27 N16  47
20170312  629273  28 N15  46
20170312  629273  33 N21  52
20170312  629274  28 N15  46
20170312  629274  33 N21  52
20170312  629275  80 S30   2
20170312  629275  81 S29   1
20170312  629275 nan nan   4
20170312  629276  80 S30   2
20170312  629276  81 S29   1
20170312  629276 nan nan   4
20170312  629276 nan nan   9
20170316  631005  75 S26   5
20170316  631005  80 S30   2
20170316  631067  67 S24  12
20170316  631067  68 S23  11
20170316  631067  73 S28   7
20170318  631908  31 N23  54
20170318  631908  32 N22  53
20170318  631908  37 N27  58
20170318  631909  31 N23  54
20170318  631909  32 N22  53
20170318  631909  37 N27  58
20170318  631911  74 S27   6
20170318  631911  75 S26   5
20170318  631911  80 S30   2
20170318  631912  74 S27   6
20170318  631912  75 S26   5
20170318  631912  80 S30   2
20170318  631995  80 S30   2
20170318  631995  51  S4  28
20170318  631995  52  S3  27
20170318  631995  58 S10  21
20170318  631996  80 S30   2
20170318  631996  51  S4  28
20170318  631996  52  S3  27
20170318  631996  58 S10  21
20170318  631998  36 N28  59
20170318  631998  37 N27  58
20170318  631998  42 N31  62
20170318  631998 nan nan  54
20170318  631999  36 N28  59
20170318  631999  37 N27  58
20170318  631999  42 N31  62
20170318  631999 nan nan  54
20170318  632036  56 S12  23
20170318  632036  57 S11  22
20170318  632049  51  S4  28
20170318  632050  51  S4  28
20170326  634042  63 S17  16
20170326  634042  68 S23  11
20170326  634042  69 S22  10
20170326  634042  74 S27   6
20170326  634042  79 S31   3
20170326  634042  80 S30   2
20170326  634043  20 N11  42
20170326  634043  21 N10  41
20170326  634043  26 N17  48
20170326  634043  27 N16  47
20170326  634043  32 N22  53
20170326  634043  68 S23  11
20170326  634043  69 S22  10
20170326  634043  74 S27   6
20170326  634043  79 S31   3
20170326  634043  80 S30   2
20170326  634048  28 N15  46
20170326  634048  34 N20  51
20170326  634114  73 S28   7
20170326  634114 nan nan  12
20170326  634114 nan nan  17
20170326  634118  44 N29  60
20170326  634118 nan nan  57
20170326  634118 nan nan  52
20170326  634118 nan nan  11
20170326  634118 nan nan   6
20170326  634119  44 N29  60
20170326  634119 nan nan  57
20170326  634119 nan nan  11
20170326  634119 nan nan   6
20170327  634369  55 S13  24
20170327  634369  61 S19  18
20170327  634432 nan nan  51
20170327  634479  73 S28   7
20170327  634479 nan nan  12
20170327  634479 nan nan  57
20170327  634479 nan nan  56
20170327  634479 nan nan  52
20170327  634592  32 N22  53
20170327  634592  33 N21  52
20170327  634592  38 N26  57
20170327  634592  43 N30  61
20170327  634592  44 N29  60
20170328  634775  20 N11  42
20170328  634775  21 N10  41
20170328  634775  26 N17  48
20170328  634775  27 N16  47
20170328  634775  32 N22  53
20170328  634926  75 S26   5
20170328  634926  80 S30   2
20170328  634926 nan nan  10
20170328  634926 nan nan  30
20170328  634964  59  S9  20
20170328  634964  60  S8  19
20170328  634964 nan nan  13
20170329  635138  64 S16  15
20170329  635138 nan nan  21
20170329  635157  11  N7  38
20170329  635157  12  N6  37
20170329  635157  18 N13  44
20170329  635157 nan nan  33
20170329  635157 nan nan  26
20170329  635157 nan nan  20
20170329  635163  17  N1  32
20170329  635163  23  N8  39
20170329  635163 nan nan  45
20170329  635163 nan nan  30
20170329  635163 nan nan  23
20170329  635163 nan nan  29
20170329  635243  70 S21   9
20170329  635243  75 S26   5
20170329  635243 nan nan  15
20170329  635289  37 N27  58
20170329  635289  42 N31  62
20170329  635289  80 S30   2
20170329  635289  81 S29   1
20170330  635527  64 S16  15
20170330  635527 nan nan  21
20170330  635535  20 N11  42
20170330  635535  21 N10  41
20170330  635535  26 N17  48
20170330  635535  27 N16  47
20170330  635535  32 N22  53
20170330  635535  51  S4  28
20170330  635535  52  S3  27
20170330  635535  57 S11  22
20170330  635535  58 S10  21
20170330  635535  63 S17  16
20170330  635535  64 S16  15
20170330  635545  11  N7  38
20170330  635545  12  N6  37
20170330  635545  18 N13  44
20170330  635545 nan nan  20
20170330  635545 nan nan  26
20170330  635545 nan nan  33
20170330  635545 nan nan  27
20170330  635561  17  N1  32
20170330  635561  54  S1  25
20170330  635561 nan nan  30
20170330  635561 nan nan  37
20170330  635561 nan nan  26
20170330  635561 nan nan  33
20170330  635561 nan nan  28
20170330  635561 nan nan  35
20170330  635676  15  N3  34
20170330  635676  21 N10  41
20170330  635676  22  N9  40
20170330  635732  11  N7  38
20170330  635732  12  N6  37
20170330  635732  48  S7  31
20170330  635732  49  S6  30
20170330  635732  55 S13  24
20170330  635738  60  S8  19
20170330  635738  66 S14  13
20170330  635738 nan nan  38
20170330  635738 nan nan  37
20170330  635754 nan nan  19
20170330  635754 nan nan  25
20170331  635928  16  N2  33
20170331  635928  17  N1  32
20170331  635928  53  S2  26
20170331  635928  54  S1  25
20170331  635928 nan nan  30
20170331  635928 nan nan  37
20170331  635928 nan nan  28
20170331  635928 nan nan  35
20170404  637325  30 N24  55
20170404  637325 nan nan  49
20170404  637336  30 N24  55
20170404  637336  65 S15  14
20170404  637336  66 S14  13
20170404  637336  70 S21   9
20170404  637336  71 S20   8
20170404  637336 nan nan  49
20170404  637337  25 N18  49
20170404  637337  30 N24  55
20170404  637337 nan nan   8
20170404  637337 nan nan  14
20170404  637338  30 N24  55
20170404  637338 nan nan  49
20170405  637588  73 S28   7
20170405  637588 nan nan  56
20170405  637588 nan nan  60
20170405  637595  37 N27  58
20170405  637595  38 N26  57
20170405  637595  43 N30  61
20170405  637595 nan nan  53
20170405  637656  37 N27  58
20170405  637656  42 N31  62
20170405  637656  43 N30  61
20170405  637656 nan nan  53
20170405  637656 nan nan  54
20170405  637656 nan nan   5
20170405  637656 nan nan  10
20170405  637656 nan nan   9
20170405  637676  42 N31  62
20170405  637676 nan nan  58
20170405  637676 nan nan  59
20170405  637676 nan nan   1
20170405  637676 nan nan   4
20170405  637688  75 S26   5
20170405  637688  76 S25   4
20170405  637688  80 S30   2
20170405  637688  81 S29   1
20170405  637700  80 S30   2
20170405  637700 nan nan   1
20170405  637700 nan nan   5
20170405  637700 nan nan  54
20170405  637700 nan nan  53
20170405  637700 nan nan  58
20170406  638039  79 S31   3
20170406  638040  80 S30   2
20170406  638042  34 N20  51
20170406  638042  39 N25  56
20170406  638100  37 N27  58
20170406  638100  38 N26  57
20170406  638100  43 N30  61
20170406  638100 nan nan  53
20170406  638169  34 N20  51
20170418  640626  75 S26   5
20170418  640626  80 S30   2
20170418  640626  81 S29   1
20170418  640626 nan nan   4
20170418  640676 nan nan   8
20170420  641612  75 S26   5
20170420  641612  76 S25   4
20170420  641612  80 S30   2
20170420  641612  81 S29   1
20170420  641612 nan nan   9
20170420  641612 nan nan  49
20170420  641612 nan nan  54
20170421  642031  27 N16  47
20170421  642031  28 N15  46
20170421  642031 nan nan  52
20170421  642053  24 N19  50
20170421  642053  25 N18  49
20170421  642053  30 N24  55
20170421  642157  42 N31  62
20170421  642157 nan nan  59
20170421  642157 nan nan  58
20170421  642157 nan nan  54
20170421  642157 nan nan   1
20170421  642157 nan nan   4
20170421  642184  36 N28  59
20170421  642184 nan nan   4
20170421  642184 nan nan   9
20170421  642184 nan nan   8
20170421  642184 nan nan  14
20170421  642185  11  N7  38
20170421  642185  12  N6  37
20170421  642185  48  S7  31
20170421  642185  49  S6  30
20170421  642185 nan nan  26
20170421  642185 nan nan  25
20170421  642185 nan nan  33
20170421  642185 nan nan  32
20170421  642217  55 S13  24
20170421  642217  56 S12  23
20170421  642217  61 S19  18
20170421  642217  62 S18  17
20170502  646463  14  N4  35
20170502  646463  21 N10  41
20170502  646486  74 S27   6
20170502  646486  79 S31   3
20170502  646486  80 S30   2
20170502  646487  18 N13  44
20170502  646487  24 N19  50
20170502  646496  22  N9  40
20170502  646496  23  N8  39
20170502  646496  28 N15  46
20170502  646496  29 N14  45
20170502  646496  34 N20  51
20170502  646540  43 N30  61
20170502  646569  15  N3  34
20170502  646569  21 N10  41
20170502  646569  22  N9  40
20170502  646569 nan nan  35
20170502  646569 nan nan  28
20170502  646569 nan nan  36
20170502  646569 nan nan  29
20170502  646569 nan nan  22
20170502  646576  36 N28  59
20170502  646576  42 N31  62
20170502  646576 nan nan  54
20170503  646874  31 N23  54
20170503  646874  36 N28  59
20170503  646874  37 N27  58
20170504  647393  55 S13  24
20170504  647393  61 S19  18
20170519  649386  25 N18  49
20170519  649386  26 N17  48
20170519  649386  30 N24  55
20170519  649386  31 N23  54
20170519  649386  36 N28  59
20170519  649386  58 S10  21
20170519  649386  59  S9  20
20170519  649386  64 S16  15
20170519  649386  65 S15  14
20170519  649386  70 S21   9
20170519  649465  37 N27  58
20170519  649465  42 N31  62
20170519  649465  75 S26   5
20170519  649465  80 S30   2
20170519  649465  81 S29   1
20170520  649713  69 S22  10
20170520  649713  70 S21   9
20170520  649713  75 S26   5
20170520  649713  80 S30   2
20170520  649713 nan nan   1
20170520  649803  36 N28  59
20170520  649803  37 N27  58
20170520  649803  42 N31  62
20170520  649803 nan nan  54
20170520  649803 nan nan   8
20170520  649803 nan nan  13
20170520  649803 nan nan   9
20170520  649803 nan nan  10
20170520  649803 nan nan  15
20170520  649913  13  N5  36
20170520  649913  19 N12  43
20170520  649913  20 N11  42
20170521  650082  26 N17  48
20170521  650082  27 N16  47
20170521  650082  31 N23  54
20170521  650082  32 N22  53
20170521  650082  75 S26   5
20170521  650082  80 S30   2
20170521  650082 nan nan   1
20170521  650082 nan nan  10
20170521  650097  73 S28   7
20170521  650097  79 S31   3
20170521  650097 nan nan  11
20170521  650097 nan nan  46
20170521  650097 nan nan  47
20170521  650097 nan nan  52
20170521  650150  39 N25  56
20170521  650150 nan nan   7
20170521  650150 nan nan  12
20170522  650425  11  N7  38
20170522  650425  12  N6  37
20170522  650425  13  N5  36
20170522  650425  14  N4  35
20170522  650425  15  N3  34
20170522  650425  16  N2  33
20170522  650425  18 N13  44
20170522  650425  19 N12  43
20170522  650425  20 N11  42
20170522  650425  21 N10  41
20170522  650425  22  N9  40
20170522  650425  23  N8  39
20170522  650425  24 N19  50
20170522  650425  25 N18  49
20170522  650425  26 N17  48
20170522  650425  27 N16  47
20170522  650425  28 N15  46
20170522  650425  30 N24  55
20170522  650425  31 N23  54
20170522  650425  32 N22  53
20170522  650425  33 N21  52
20170522  650425  36 N28  59
20170522  650425  37 N27  58
20170522  650425  42 N31  62
20170522  650425  48  S7  31
20170522  650425  49  S6  30
20170522  650425  50  S5  29
20170522  650425  51  S4  28
20170522  650425  52  S3  27
20170522  650425  53  S2  26
20170522  650425  56 S12  23
20170522  650425  57 S11  22
20170522  650425  58 S10  21
20170522  650425  59  S9  20
20170522  650425  60  S8  19
20170522  650425  62 S18  17
20170522  650425  63 S17  16
20170522  650425  64 S16  15
20170522  650425  65 S15  14
20170522  650425  66 S14  13
20170522  650425  68 S23  11
20170522  650425  69 S22  10
20170522  650425  70 S21   9
20170522  650425  71 S20   8
20170522  650425  75 S26   5
20170522  650426  12  N6  37
20170522  650426  13  N5  36
20170522  650426  14  N4  35
20170522  650426  15  N3  34
20170522  650426  16  N2  33
20170522  650426  19 N12  43
20170522  650426  20 N11  42
20170522  650426  21 N10  41
20170522  650426  22  N9  40
20170522  650426  25 N18  49
20170522  650426  26 N17  48
20170522  650426  27 N16  47
20170522  650426  28 N15  46
20170522  650426  31 N23  54
20170522  650426  32 N22  53
20170522  650426  33 N21  52
20170522  650426  36 N28  59
20170522  650426  37 N27  58
20170522  650426  38 N26  57
20170522  650426  43 N30  61
20170522  650426  49  S6  30
20170522  650426  50  S5  29
20170522  650426  52  S3  27
20170522  650426  53  S2  26
20170522  650426  56 S12  23
20170522  650426  57 S11  22
20170522  650426  58 S10  21
20170522  650426  59  S9  20
20170522  650426  62 S18  17
20170522  650426  63 S17  16
20170522  650426  64 S16  15
20170522  650426  65 S15  14
20170522  650426  69 S22  10
20170522  650426  75 S26   5
20170522  650426  79 S31   3
20170522  650426  80 S30   2
20170522  650426  81 S29   1
20170530  651249  17  N1  32
20170530  651269  36 N28  59
20170530  651269  37 N27  58
20170530  651269  42 N31  62
20170530  651270  75 S26   5
20170530  651270  76 S25   4
20170530  651270  81 S29   1
20170530  651270 nan nan  55
20170530  651270 nan nan  59
20170530  651304  13  N5  36
20170530  651304  14  N4  35
20170530  651304  15  N3  34
20170530  651304  21 N10  41
20170530  651304  50  S5  29
20170530  651304  51  S4  28
20170530  651304  57 S11  22
20170530  651304  58 S10  21
20170530  651321  43 N30  61
20170530  651321  44 N29  60
20170530  651321  68 S23  11
20170530  651321  69 S22  10
20170530  651321  74 S27   6
20170530  651321  75 S26   5
20170530  651322 nan nan  12
20170530  651361  68 S23  11
20170530  651363  52  S3  27
20170530  651363  53  S2  26
20170530  651363  59  S9  20
20170530  651363  65 S15  14
20170531  651684  14  N4  35
20170531  651684  15  N3  34
20170531  651684  19 N12  43
20170531  651684  25 N18  49
20170531  651684  51  S4  28
20170531  651684  52  S3  27
20170531  651684  58 S10  21
20170531  651684  59  S9  20
20170531  651695  39 N25  56
20170531  651695  44 N29  60
20170531  651695  62 S18  17
20170531  651695  67 S24  12
20170531  651695  68 S23  11
20170531  651695  73 S28   7
20170531  651695  74 S27   6
20170531  651743  21 N10  41
20170601  652173  34 N20  51
20170601  652173  39 N25  56
20170602  652712  30 N24  55
20170602  652852 nan nan  27
20170602  652852 nan nan  28
20170602  652852 nan nan  34
20170602  652852 nan nan  35
20170602  652852 nan nan  38
20170602  652964 nan nan  23
20170602  652964 nan nan  40
20170602  652968 nan nan  33
20170602  652968 nan nan  54
20170602  652973 nan nan  59
20170603  653402  15  N3  34
20170603  653402  21 N10  41
20170603  653402  22  N9  40
20170603  653402  27 N16  47
20170603  653402  28 N15  46
20170603  653402  56 S12  23
20170603  653402  61 S19  18
20170603  653402  62 S18  17
20170603  653402  67 S24  12
20170604  653804  75 S26   5
20170604  653804  80 S30   2
20170604  653804 nan nan   4
20170604  653804 nan nan   9
20170629  657300  34 N20  51
20170630  657467  33 N21  52
20170630  657467  34 N20  51
20170630  657467  39 N25  56
20170701  658055  25 N18  49
20170701  658055  26 N17  48
20170701  658055  31 N23  54
20170701  658055  32 N22  53
20170701  658055  69 S22  10
20170701  658055  70 S21   9
20170701  658055  75 S26   5
20170701  658055  80 S30   2
20170701  658055 nan nan   1
20170701  658055 nan nan   4
20170702  658483  56 S12  23
20170702  658483  61 S19  18
20170702  658483  62 S18  17
20170702  658483  67 S24  12
20170702  658521  25 N18  49
20170702  658521  26 N17  48
20170702  658521  31 N23  54
20170702  658521  32 N22  53
20170702  658521  69 S22  10
20170702  658521  70 S21   9
20170702  658521  75 S26   5
20170702  658521  80 S30   2
20170702  658521 nan nan   1
20170702  658521 nan nan   4
20170717  659511  75 S26   5
20170717  659511  80 S30   2
20170717  659511 nan nan   1
20170717  659511 nan nan   4
20170717  659511 nan nan   9
20170717  659514  55 S13  24
20170717  659514  61 S19  18
20170717  659560  27 N16  47
20170717  659560  28 N15  46
20170717  659560  33 N21  52
20170717  659579  55 S13  24
20170717  659579  61 S19  18
20170720  660357  55 S13  24
20170720  660357  61 S19  18
20170720  660416  18 N13  44
20170720  660416  19 N12  43
20170720  660416  24 N19  50
20170720  660416  25 N18  49
20170720  660416  52  S3  27
20170720  660416  53  S2  26
20170720  660416  58 S10  21
20170720  660416  59  S9  20
20170720  660416  65 S15  14
20170720  660458  51  S4  28
20170720  660458  57 S11  22
20170720  660458 nan nan  35
20170720  660494  64 S16  15
20170720  660494  70 S21   9
20170720  660505  63 S17  16
20170720  660505  68 S23  11
20170720  660505  69 S22  10
20170721  660764  75 S26   5
20170721  660764  80 S30   2
20170721  660764 nan nan   6
20170721  660773 nan nan  26
20170721  660773 nan nan  20
20170721  660773 nan nan  19
20170721  660814  23  N8  39
20170721  660814  29 N14  45
20170721  660814 nan nan  40
20170721  660817  18 N13  44
20170721  660817  19 N12  43
20170721  660817 nan nan  37
20170721  660878  38 N26  57
20170721  660878  43 N30  61
20170721  660878  44 N29  60
20170721  660878 nan nan  53
20170721  660902  12  N6  37
20170721  660902  13  N5  36
20170721  660902  49  S6  30
20170721  660902  50  S5  29
20170721  660969  67 S24  12
20170721  661050  52  S3  27
20170723  661482  36 N28  59
20170723  661482  42 N31  62
20170724  661865  14  N4  35
20170724  661966  56 S12  23
20170724  661966 nan nan  22
20170724  661966 nan nan  29
20170725  662220  15  N3  34
20170725  662220  52  S3  27
20170725  662261  44 N29  60
20170725  662261 nan nan  56
20170725  662261 nan nan   6
20170725  662261 nan nan   7
20170725  662261 nan nan  11
20170726  662736  18 N13  44
20170726  662736  24 N19  50
20170726  662736 nan nan  38
20170726  662736 nan nan  37
20170727  662883  64 S16  15
20170727  662883  65 S15  14
20170727  662883  69 S22  10
20170727  662883  70 S21   9
20170727  662883 nan nan  21
20170727  662883 nan nan  20
20170731  663688  79 S31   3
20170731  663688  80 S30   2
20170731  663733  18 N13  44
20170731  663733 nan nan  50
# DECADE Addition
20170326  633986 nan nan  47
20170328  634927 nan nan  30
20170329  635208 nan nan  53
20170331  636012 nan nan  17
20170520  649710 nan nan  10
20170520  649710 nan nan   6
20170520  649745 nan nan   6
20170520  649750 nan nan  51
20170520  649799 nan nan  48
20170520  649813 nan nan  45
20170520  649853 nan nan  13
20170521  650118 nan nan  45
20170717  659523 nan nan   6
20170720  660378 nan nan  32
20160812  563664 nan nan   8
20160812  563664 nan nan  62
20160828  568747 nan nan  62
20160906  571797 nan nan  27
20160906  571797 nan nan  28
20160907  572253 nan nan  52
20160907  572253 nan nan  57
20160907  572253 nan nan  58
20160912  574304 nan nan   1
20161028  587358 nan nan  58
20161028  587358 nan nan  62
20170722  661320 nan nan  38
20170722  661334 nan nan  23
20170722  661334 nan nan  36
20170725  662361 nan nan   3
20160824  567393 nan nan  39
20160824  567393 nan nan  45
20160824  567393 nan nan  53
20160825  567853 nan nan  9
20160825  567853 nan nan  15
20160828  568774 nan nan  4
20160906  571832 nan nan  40
20160906  571832 nan nan  46
20160922  576103 nan nan  45
20160922  576103 nan nan  46
20160922  576103 nan nan  51
20160925  577320 nan nan  40
20160925  577328 nan nan  16
20160925  577328 nan nan  17
20160925  577328 nan nan  22
20160925  577328 nan nan  23
20160925  577334 nan nan  1
20160925  577334 nan nan  4
20160925  577336 nan nan  1
20160925  577336 nan nan  4
20160925  577381 nan nan  30
20160925  577381 nan nan  37
20160925  577383 nan nan  30
20160925  577383 nan nan  37
20160929  578982 nan nan  7
20160929  578982 nan nan  11
20161001  579868 nan nan  30
20161001  579868 nan nan  37
20161001  579919 nan nan  58
20161001  579919 nan nan  62
20161004  580884 nan nan  16
20161004  580884 nan nan  25
20161004  580884 nan nan  26
20161004  580886 nan nan  16
20161004  580886 nan nan  25
20161004  580886 nan nan  26
20161027  587010 nan nan  28
20161027  587010 nan nan  35
20161103  589381 nan nan  20
20161103  589382 nan nan  20
20161103  589383 nan nan  20
20161104  589910 nan nan  30
20161109  591908 nan nan  20
20161109  591931 nan nan  30
20161124  596113 nan nan  27
20161125  596505 nan nan  11
20161204  599802 nan nan  7
20161204  599802 nan nan  11
20161204  599802 nan nan  12
20161204  599802 nan nan  22
20161204  599802 nan nan  56
20161218  602284 nan nan  38
20161218  602284 nan nan  44
20161219  602535 nan nan  5
20161219  602535 nan nan  6
20161219  602535 nan nan  10
20161219  602535 nan nan  54
20161219  602535 nan nan  58
20161220  602946 nan nan  46
20170121  611929 nan nan  27
20170121  611929 nan nan  47
20170218  622380 nan nan  20
20170222  623912 nan nan  43
20170222  623912 nan nan  49
20170725  662360 nan nan  3
### DES Y4 ###
20160814  564493  75 S26   5
20160814  564493  80 S30   2
20160814  564519  38 N26  57
20160814  564519  39 N25  56
20160814  564519  43 N30  61
20160814  564519  44 N29  60
20160822  566559  76 S25   4
20160822  566559  81 S29   1
20160822  566567  21 N10  41
20160822  566567  22  N9  40
20160823  566940  18 N13  44
20160824  567398  75 S26   5
20160824  567398  80 S30   2
20160825  567859  21 N10  41
20160825  567859  22  N9  40
20160825  567860  21 N10  41
20160825  567860  22  N9  40
20160825  567861  21 N10  41
20160825  567861  22  N9  40
20160828  568705  18 N13  44
20160831  569850  18 N13  44
20160902  570445  76 S25   4
20160902  570445  81 S29   1
20160903  570789  16  N2  33
20160903  570789  22  N9  40
20160903  570789  23  N8  39
20160903  570789  48  S7  31
20160903  570789  53  S2  26
20160903  570789  55 S13  24
20160903  570789  61 S19  18
20160903  570811  33 N21  52
20160903  570811  38 N26  57
20160903  570811  39 N25  56
20160904  571057  51  S4  28
20160904  571057  57 S11  22
20160906  571695  36 N28  59
20160906  571695  42 N31  62
20160906  571733  36 N28  59
20160906  571733  42 N31  62
20160907  572252  27 N16  47
20160907  572252  33 N21  52
20160907  572252  38 N26  57
20160907  572252  39 N25  56
20160907  572253  27 N16  47
20160907  572253  33 N21  52
20160907  572253  38 N26  57
20160907  572253  39 N25  56
20160907  572254  33 N21  52
20160907  572254  38 N26  57
20160907  572254  39 N25  56
20160907  572329  33 N21  52
20160907  572329  38 N26  57
20160907  572329  39 N25  56
20160907  572348  48  S7  31
20160907  572348  55 S13  24
20160908  572536  71 S20   8
20160908  572536  75 S26   5
20160908  572536  76 S25   4
20160908  572552  51  S4  28
20160908  572552  57 S11  22
20160909  572926  64 S16  15
20160909  572926  69 S22  10
20160909  572926  70 S21   9
20160909  572926  75 S26   5
20160909  573143  56 S12  23
20160909  573143  62 S18  17
20160910  573347  64 S16  15
20160910  573347  69 S22  10
20160910  573347  70 S21   9
20160910  573347  75 S26   5
20160910  573423  25 N18  49
20160910  573423  30 N24  55
20160910  573549  48  S7  31
20160910  573549  55 S13  24
20160910  573550  16  N2  33
20160910  573550  22  N9  40
20160910  573550  23  N8  39
20160910  573550  48  S7  31
20160910  573550  53  S2  26
20160910  573550  55 S13  24
20160910  573550  61 S19  18
20160911  573769  73 S28   7
20160911  573781  17  N1  32
20160911  573781  23  N8  39
20160911  573781  29 N14  45
20160911  573791  12  N6  37
20160911  573791  13  N5  36
20160911  573791  14  N4  35
20160911  573791  15  N3  34
20160911  573791  16  N2  33
20160911  573791  19 N12  43
20160911  573791  20 N11  42
20160911  573791  21 N10  41
20160911  573791  22  N9  40
20160911  573791  25 N18  49
20160911  573791  26 N17  48
20160911  573791  27 N16  47
20160911  573791  28 N15  46
20160911  573791  31 N23  54
20160911  573791  32 N22  53
20160911  573791  33 N21  52
20160911  573791  37 N27  58
20160911  573791  38 N26  57
20160911  573791  49  S6  30
20160911  573791  50  S5  29
20160911  573791  51  S4  28
20160911  573791  52  S3  27
20160911  573791  53  S2  26
20160911  573791  55 S13  24
20160911  573791  56 S12  23
20160911  573791  57 S11  22
20160911  573791  58 S10  21
20160911  573791  59  S9  20
20160911  573791  61 S19  18
20160911  573791  62 S18  17
20160911  573791  63 S17  16
20160911  573791  64 S16  15
20160911  573791  65 S15  14
20160911  573791  67 S24  12
20160911  573791  68 S23  11
20160911  573791  69 S22  10
20160911  573791  70 S21   9
20160911  573791  71 S20   8
20160911  573791  73 S28   7
20160911  573791  74 S27   6
20160911  573791  75 S26   5
20160911  573791  79 S31   3
20160911  573791  80 S30   2
20160911  573807  70 S21   9
20160911  573807  75 S26   5
20160914  574917  66 S14  13
20160921  575695  36 N28  59
20160921  575695  42 N31  62
20160921  575696  36 N28  59
20160921  575696  42 N31  62
20160921  575717  37 N27  58
20160921  575717  42 N31  62
20160922  576023  61 S19  18
20160922  576023  62 S18  17
20160922  576023  67 S24  12
20160922  576046  73 S28   7
20160922  576046  74 S27   6
20160922  576066  60  S8  19
20160922  576066  66 S14  13
20160922  576251  79 S31   3
20160922  576251  80 S30   2
20160922  576252  69 S22  10
20160923  576438  70 S21   9
20160923  576438  75 S26   5
20160923  576506  23  N8  39
20160923  576506  29 N14  45
20160924  576867  19 N12  43
20160924  576867  20 N11  42
20160924  576867  24 N19  50
20160924  576867  25 N18  49
20160924  576867  26 N17  48
20160924  576867  30 N24  55
20160924  576867  31 N23  54
20160924  576868  19 N12  43
20160924  576868  25 N18  49
20160924  576868  30 N24  55
20160924  576868  31 N23  54
20160924  576868  51  S4  28
20160924  576868  52  S3  27
20160924  576868  58 S10  21
20160924  576868  59  S9  20
20160924  576868  64 S16  15
20160924  576868  65 S15  14
20160924  576900  66 S14  13
20160924  576900  71 S20   8
20160924  576914  25 N18  49
20160924  576924  12  N6  37
20160924  576924  13  N5  36
20160924  576924  14  N4  35
20160924  576924  15  N3  34
20160924  576924  16  N2  33
20160924  576924  19 N12  43
20160924  576924  20 N11  42
20160924  576924  21 N10  41
20160924  576924  22  N9  40
20160924  576924  25 N18  49
20160924  576924  26 N17  48
20160924  576924  27 N16  47
20160924  576924  28 N15  46
20160924  576924  31 N23  54
20160924  576924  32 N22  53
20160924  576924  33 N21  52
20160924  576924  49  S6  30
20160924  576924  50  S5  29
20160924  576924  51  S4  28
20160924  576924  52  S3  27
20160924  576924  53  S2  26
20160924  576924  55 S13  24
20160924  576924  56 S12  23
20160924  576924  57 S11  22
20160924  576924  58 S10  21
20160924  576924  59  S9  20
20160924  576924  61 S19  18
20160924  576924  62 S18  17
20160924  576924  63 S17  16
20160924  576924  64 S16  15
20160924  576924  65 S15  14
20160924  576924  67 S24  12
20160924  576924  68 S23  11
20160924  576924  69 S22  10
20160924  576924  70 S21   9
20160924  576924  73 S28   7
20160924  576924  74 S27   6
20160924  576924  75 S26   5
20160924  576924  79 S31   3
20160924  576924  80 S30   2
20160924  576925  20 N11  42
20160924  576925  21 N10  41
20160924  576925  26 N17  48
20160924  576925  27 N16  47
20160924  576926  21 N10  41
20160924  576926  27 N16  47
20160924  576965  75 S26   5
20160924  576965  80 S30   2
20160924  577056  69 S22  10
20160925  577287  25 N18  49
20160925  577287  26 N17  48
20160925  577287  31 N23  54
20160925  577288  25 N18  49
20160925  577288  26 N17  48
20160925  577288  31 N23  54
20160925  577289  25 N18  49
20160925  577289  26 N17  48
20160925  577289  31 N23  54
20160925  577382  12  N6  37
20160925  577382  49  S6  30
20160925  577454  69 S22  10
20160926  577892  17  N1  32
20160926  577892  53  S2  26
20160926  577892  54  S1  25
20160927  578174  73 S28   7
20160927  578281  26 N17  48
20160927  578281  27 N16  47
20160927  578281  32 N22  53
20160927  578281  37 N27  58
20160927  578281  38 N26  57
20160927  578281  51  S4  28
20160927  578281  57 S11  22
20160927  578281  58 S10  21
20160927  578281  63 S17  16
20160927  578281  64 S16  15
20160927  578282  26 N17  48
20160927  578282  27 N16  47
20160927  578282  32 N22  53
20160927  578282  37 N27  58
20160927  578282  38 N26  57
20160927  578282  51  S4  28
20160927  578282  57 S11  22
20160927  578282  58 S10  21
20160927  578282  62 S18  17
20160927  578282  63 S17  16
20160927  578282  64 S16  15
20160927  578282  68 S23  11
20160927  578282  69 S22  10
20160927  578282  70 S21   9
20160927  578282  73 S28   7
20160927  578282  74 S27   6
20160927  578282  75 S26   5
20160927  578282  79 S31   3
20160927  578282  80 S30   2
20160927  578283  12  N6  37
20160927  578283  13  N5  36
20160927  578283  14  N4  35
20160927  578283  15  N3  34
20160927  578283  16  N2  33
20160927  578283  19 N12  43
20160927  578283  20 N11  42
20160927  578283  21 N10  41
20160927  578283  22  N9  40
20160927  578283  25 N18  49
20160927  578283  26 N17  48
20160927  578283  27 N16  47
20160927  578283  28 N15  46
20160927  578283  31 N23  54
20160927  578283  32 N22  53
20160927  578283  33 N21  52
20160927  578283  37 N27  58
20160927  578283  38 N26  57
20160927  578283  49  S6  30
20160927  578283  50  S5  29
20160927  578283  51  S4  28
20160927  578283  52  S3  27
20160927  578283  53  S2  26
20160927  578283  56 S12  23
20160927  578283  57 S11  22
20160927  578283  58 S10  21
20160927  578283  59  S9  20
20160927  578283  62 S18  17
20160927  578283  63 S17  16
20160927  578283  64 S16  15
20160927  578283  65 S15  14
20160927  578283  67 S24  12
20160927  578283  68 S23  11
20160927  578283  69 S22  10
20160927  578283  70 S21   9
20160927  578283  71 S20   8
20160927  578283  73 S28   7
20160927  578283  74 S27   6
20160927  578283  75 S26   5
20160927  578283  79 S31   3
20160927  578283  80 S30   2
20160927  578291  44 N29  60
20160927  578320  12  N6  37
20160927  578320  13  N5  36
20160927  578320  14  N4  35
20160927  578320  15  N3  34
20160927  578320  16  N2  33
20160927  578320  19 N12  43
20160927  578320  20 N11  42
20160927  578320  21 N10  41
20160927  578320  22  N9  40
20160927  578320  23  N8  39
20160927  578320  25 N18  49
20160927  578320  26 N17  48
20160927  578320  27 N16  47
20160927  578320  28 N15  46
20160927  578320  31 N23  54
20160927  578320  32 N22  53
20160927  578320  33 N21  52
20160927  578320  37 N27  58
20160927  578320  38 N26  57
20160927  578320  43 N30  61
20160927  578320  44 N29  60
20160927  578320  49  S6  30
20160927  578320  50  S5  29
20160927  578320  52  S3  27
20160927  578320  53  S2  26
20160927  578320  56 S12  23
20160927  578320  57 S11  22
20160927  578320  58 S10  21
20160927  578320  59  S9  20
20160927  578320  62 S18  17
20160927  578320  63 S17  16
20160927  578320  64 S16  15
20160927  578320  65 S15  14
20160927  578320  67 S24  12
20160927  578320  68 S23  11
20160927  578320  69 S22  10
20160927  578320  73 S28   7
20160927  578320  74 S27   6
20160927  578320  75 S26   5
20160927  578320  79 S31   3
20160927  578320  80 S30   2
20160927  578321  12  N6  37
20160927  578321  13  N5  36
20160927  578321  14  N4  35
20160927  578321  15  N3  34
20160927  578321  16  N2  33
20160927  578321  19 N12  43
20160927  578321  20 N11  42
20160927  578321  21 N10  41
20160927  578321  22  N9  40
20160927  578321  25 N18  49
20160927  578321  26 N17  48
20160927  578321  27 N16  47
20160927  578321  28 N15  46
20160927  578321  31 N23  54
20160927  578321  32 N22  53
20160927  578321  33 N21  52
20160927  578321  37 N27  58
20160927  578321  38 N26  57
20160927  578321  39 N25  56
20160927  578321  43 N30  61
20160927  578321  44 N29  60
20160927  578321  49  S6  30
20160927  578321  50  S5  29
20160927  578321  52  S3  27
20160927  578321  53  S2  26
20160927  578321  56 S12  23
20160927  578321  57 S11  22
20160927  578321  58 S10  21
20160927  578321  59  S9  20
20160927  578321  61 S19  18
20160927  578321  62 S18  17
20160927  578321  63 S17  16
20160927  578321  64 S16  15
20160927  578321  67 S24  12
20160927  578321  68 S23  11
20160927  578321  69 S22  10
20160927  578321  70 S21   9
20160927  578321  73 S28   7
20160927  578321  74 S27   6
20160927  578321  75 S26   5
20160927  578321  79 S31   3
20160927  578321  80 S30   2
20160927  578322  74 S27   6
20160927  578322  80 S30   2
20160927  578323  43 N30  61
20160927  578323  44 N29  60
20160927  578323  74 S27   6
20160927  578323  80 S30   2
20160927  578334  12  N6  37
20160927  578334  13  N5  36
20160927  578334  15  N3  34
20160927  578334  16  N2  33
20160927  578334  19 N12  43
20160927  578334  20 N11  42
20160927  578334  21 N10  41
20160927  578334  22  N9  40
20160927  578334  23  N8  39
20160927  578334  25 N18  49
20160927  578334  26 N17  48
20160927  578334  27 N16  47
20160927  578334  28 N15  46
20160927  578334  31 N23  54
20160927  578334  32 N22  53
20160927  578334  33 N21  52
20160927  578334  37 N27  58
20160927  578334  38 N26  57
20160927  578334  43 N30  61
20160927  578334  44 N29  60
20160927  578334  49  S6  30
20160927  578334  50  S5  29
20160927  578334  52  S3  27
20160927  578334  53  S2  26
20160927  578334  56 S12  23
20160927  578334  57 S11  22
20160927  578334  58 S10  21
20160927  578334  59  S9  20
20160927  578334  62 S18  17
20160927  578334  63 S17  16
20160927  578334  64 S16  15
20160927  578334  65 S15  14
20160927  578334  68 S23  11
20160927  578334  69 S22  10
20160927  578334  74 S27   6
20160927  578391  38 N26  57
20160927  578391  43 N30  61
20160927  578391  44 N29  60
20160928  578600  62 S18  17
20160928  578600  63 S17  16
20160928  578600  68 S23  11
20160928  578600  73 S28   7
20160928  578600  74 S27   6
20160928  578601  63 S17  16
20160928  578601  68 S23  11
20160928  578602  68 S23  11
20160928  578603  68 S23  11
20160928  578625  25 N18  49
20160928  578625  26 N17  48
20160928  578625  31 N23  54
20160928  578634  12  N6  37
20160928  578634  19 N12  43
20160929  578943  33 N21  52
20160929  578943  34 N20  51
20160929  578943  39 N25  56
20160929  578964  23  N8  39
20160929  579117  58 S10  21
20160929  579124  12  N6  37
20160929  579124  13  N5  36
20160929  579124  14  N4  35
20160929  579124  15  N3  34
20160929  579124  16  N2  33
20160929  579124  19 N12  43
20160929  579124  20 N11  42
20160929  579124  21 N10  41
20160929  579124  22  N9  40
20160929  579124  25 N18  49
20160929  579124  26 N17  48
20160929  579124  27 N16  47
20160929  579124  28 N15  46
20160929  579124  31 N23  54
20160929  579124  32 N22  53
20160929  579124  33 N21  52
20160929  579124  37 N27  58
20160929  579124  38 N26  57
20160929  579124  39 N25  56
20160929  579124  43 N30  61
20160929  579124  44 N29  60
20160929  579124  49  S6  30
20160929  579124  50  S5  29
20160929  579124  52  S3  27
20160929  579124  53  S2  26
20160929  579124  56 S12  23
20160929  579124  57 S11  22
20160929  579124  58 S10  21
20160929  579124  59  S9  20
20160929  579124  61 S19  18
20160929  579124  62 S18  17
20160929  579124  63 S17  16
20160929  579124  64 S16  15
20160929  579124  67 S24  12
20160929  579124  68 S23  11
20160929  579124  69 S22  10
20160929  579124  70 S21   9
20160929  579124  73 S28   7
20160929  579124  74 S27   6
20160929  579124  75 S26   5
20160929  579124  79 S31   3
20160929  579124  80 S30   2
20160929  579137  12  N6  37
20160929  579137  13  N5  36
20160929  579137  14  N4  35
20160929  579137  15  N3  34
20160929  579137  16  N2  33
20160929  579137  19 N12  43
20160929  579137  20 N11  42
20160929  579137  21 N10  41
20160929  579137  22  N9  40
20160929  579137  25 N18  49
20160929  579137  26 N17  48
20160929  579137  27 N16  47
20160929  579137  28 N15  46
20160929  579137  31 N23  54
20160929  579137  32 N22  53
20160929  579137  33 N21  52
20160929  579137  37 N27  58
20160929  579137  38 N26  57
20160929  579137  49  S6  30
20160929  579137  50  S5  29
20160929  579137  51  S4  28
20160929  579137  52  S3  27
20160929  579137  53  S2  26
20160929  579137  56 S12  23
20160929  579137  57 S11  22
20160929  579137  58 S10  21
20160929  579137  59  S9  20
20160929  579137  62 S18  17
20160929  579137  63 S17  16
20160929  579137  64 S16  15
20160929  579137  65 S15  14
20160929  579137  67 S24  12
20160929  579137  68 S23  11
20160929  579137  69 S22  10
20160929  579137  70 S21   9
20160929  579137  71 S20   8
20160929  579137  73 S28   7
20160929  579137  74 S27   6
20160929  579137  75 S26   5
20160929  579137  79 S31   3
20160929  579137  80 S30   2
20160930  579340  12  N6  37
20160930  579340  13  N5  36
20160930  579340  49  S6  30
20160930  579340  50  S5  29
20160930  579340  56 S12  23
20160930  579341  49  S6  30
20160930  579342  12  N6  37
20160930  579342  14  N4  35
20160930  579342  15  N3  34
20160930  579342  21 N10  41
20160930  579342  22  N9  40
20160930  579342  49  S6  30
20160930  579342  50  S5  29
20160930  579342  51  S4  28
20160930  579342  52  S3  27
20160930  579342  56 S12  23
20160930  579515  64 S16  15
20160930  579515  65 S15  14
20160930  579582  36 N28  59
20160930  579582  37 N27  58
20160930  579582  42 N31  62
20160930  579584  48  S7  31
20160930  579584  49  S6  30
20160930  579584  55 S13  24
20161001  579769  61 S19  18
20161001  579769  62 S18  17
20161001  579769  67 S24  12
20161001  579770  61 S19  18
20161001  579770  62 S18  17
20161001  579770  67 S24  12
20161001  579802  26 N17  48
20161001  579918  36 N28  59
20161001  579918  37 N27  58
20161001  579918  42 N31  62
20161001  580003  12  N6  37
20161001  580003  13  N5  36
20161001  580003  14  N4  35
20161001  580003  15  N3  34
20161001  580003  16  N2  33
20161001  580003  19 N12  43
20161001  580003  20 N11  42
20161001  580003  21 N10  41
20161001  580003  22  N9  40
20161001  580003  25 N18  49
20161001  580003  26 N17  48
20161001  580003  27 N16  47
20161001  580003  28 N15  46
20161001  580003  31 N23  54
20161001  580003  32 N22  53
20161001  580003  33 N21  52
20161001  580003  37 N27  58
20161001  580003  38 N26  57
20161001  580003  39 N25  56
20161001  580003  43 N30  61
20161001  580003  44 N29  60
20161001  580003  49  S6  30
20161001  580003  50  S5  29
20161001  580003  52  S3  27
20161001  580003  53  S2  26
20161001  580003  56 S12  23
20161001  580003  57 S11  22
20161001  580003  58 S10  21
20161001  580003  59  S9  20
20161001  580003  61 S19  18
20161001  580003  62 S18  17
20161001  580003  63 S17  16
20161001  580003  64 S16  15
20161001  580003  67 S24  12
20161001  580003  68 S23  11
20161001  580003  69 S22  10
20161001  580003  70 S21   9
20161001  580003  73 S28   7
20161001  580003  74 S27   6
20161001  580003  75 S26   5
20161001  580003  79 S31   3
20161001  580003  80 S30   2
20161002  580273  34 N20  51
20161002  580273  39 N25  56
20161002  580378  56 S12  23
20161002  580378  57 S11  22
20161004  580885  17  N1  32
20161004  580885  54  S1  25
20161004  580981  12  N6  37
20161004  580981  13  N5  36
20161004  580981  14  N4  35
20161004  580981  15  N3  34
20161004  580981  16  N2  33
20161004  580981  19 N12  43
20161004  580981  20 N11  42
20161004  580981  21 N10  41
20161004  580981  22  N9  40
20161004  580981  25 N18  49
20161004  580981  26 N17  48
20161004  580981  27 N16  47
20161004  580981  28 N15  46
20161004  580981  31 N23  54
20161004  580981  32 N22  53
20161004  580981  33 N21  52
20161004  580981  37 N27  58
20161004  580981  38 N26  57
20161004  580981  39 N25  56
20161004  580981  43 N30  61
20161004  580981  44 N29  60
20161004  580981  49  S6  30
20161004  580981  50  S5  29
20161004  580981  52  S3  27
20161004  580981  53  S2  26
20161004  580981  56 S12  23
20161004  580981  57 S11  22
20161004  580981  58 S10  21
20161004  580981  59  S9  20
20161004  580981  61 S19  18
20161004  580981  62 S18  17
20161004  580981  63 S17  16
20161004  580981  64 S16  15
20161004  580981  67 S24  12
20161004  580981  68 S23  11
20161004  580981  69 S22  10
20161004  580981  70 S21   9
20161004  580981  73 S28   7
20161004  580981  74 S27   6
20161004  580981  75 S26   5
20161004  580981  79 S31   3
20161004  580981  80 S30   2
20161004  581010  38 N26  57
20161004  581010  43 N30  61
20161004  581010  44 N29  60
20161005  581214  12  N6  37
20161005  581214  49  S6  30
20161005  581224  36 N28  59
20161005  581224  42 N31  62
20161005  581236  38 N26  57
20161005  581236  43 N30  61
20161005  581236  44 N29  60
20161006  581506  37 N27  58
20161006  581506  42 N31  62
20161006  581507  31 N23  54
20161006  581507  32 N22  53
20161006  581507  37 N27  58
20161006  581507  42 N31  62
20161007  581822  79 S31   3
20161008  582130  63 S17  16
20161008  582130  64 S16  15
20161008  582145  18 N13  44
20161008  582145  24 N19  50
20161009  582392  36 N28  59
20161009  582392  42 N31  62
20161011  582929  12  N6  37
20161011  582929  13  N5  36
20161011  582929  14  N4  35
20161011  582929  15  N3  34
20161011  582929  16  N2  33
20161011  582929  19 N12  43
20161011  582929  20 N11  42
20161011  582929  21 N10  41
20161011  582929  22  N9  40
20161011  582929  25 N18  49
20161011  582929  26 N17  48
20161011  582929  27 N16  47
20161011  582929  28 N15  46
20161011  582929  31 N23  54
20161011  582929  32 N22  53
20161011  582929  33 N21  52
20161011  582929  37 N27  58
20161011  582929  38 N26  57
20161011  582929  39 N25  56
20161011  582929  43 N30  61
20161011  582929  44 N29  60
20161011  582929  49  S6  30
20161011  582929  50  S5  29
20161011  582929  52  S3  27
20161011  582929  53  S2  26
20161011  582929  56 S12  23
20161011  582929  57 S11  22
20161011  582929  58 S10  21
20161011  582929  59  S9  20
20161011  582929  61 S19  18
20161011  582929  62 S18  17
20161011  582929  63 S17  16
20161011  582929  64 S16  15
20161011  582929  67 S24  12
20161011  582929  68 S23  11
20161011  582929  69 S22  10
20161011  582929  70 S21   9
20161011  582929  73 S28   7
20161011  582929  74 S27   6
20161011  582929  75 S26   5
20161011  582929  79 S31   3
20161011  582929  80 S30   2
20161018  583791  74 S27   6
20161018  583791  79 S31   3
20161018  583791  80 S30   2
20161018  583802  26 N17  48
20161018  583802  27 N16  47
20161018  583802  32 N22  53
20161018  583802  33 N21  52
20161018  583802  74 S27   6
20161018  583802  79 S31   3
20161018  583802  80 S30   2
20161019  584066  73 S28   7
20161019  584088  68 S23  11
20161019  584088  69 S22  10
20161019  584088  74 S27   6
20161019  584088  79 S31   3
20161019  584088  80 S30   2
20161019  584090  12  N6  37
20161019  584090  13  N5  36
20161019  584090  15  N3  34
20161019  584090  16  N2  33
20161019  584090  19 N12  43
20161019  584090  20 N11  42
20161019  584090  21 N10  41
20161019  584090  22  N9  40
20161019  584090  26 N17  48
20161019  584090  27 N16  47
20161019  584090  28 N15  46
20161019  584090  31 N23  54
20161019  584090  32 N22  53
20161019  584090  33 N21  52
20161019  584090  34 N20  51
20161019  584090  36 N28  59
20161019  584090  37 N27  58
20161019  584090  38 N26  57
20161019  584090  39 N25  56
20161019  584090  42 N31  62
20161019  584090  43 N30  61
20161019  584090  44 N29  60
20161019  584090  49  S6  30
20161019  584090  50  S5  29
20161019  584090  51  S4  28
20161019  584090  52  S3  27
20161019  584090  53  S2  26
20161019  584090  56 S12  23
20161019  584090  57 S11  22
20161019  584090  58 S10  21
20161019  584090  59  S9  20
20161019  584090  62 S18  17
20161019  584090  63 S17  16
20161019  584090  64 S16  15
20161019  584090  65 S15  14
20161019  584090  68 S23  11
20161019  584090  69 S22  10
20161019  584090  70 S21   9
20161019  584090  74 S27   6
20161019  584090  75 S26   5
20161019  584090  79 S31   3
20161019  584090  80 S30   2
20161020  584377  61 S19  18
20161020  584377  62 S18  17
20161020  584377  67 S24  12
20161020  584377  73 S28   7
20161020  584378  73 S28   7
20161020  584392  43 N30  61
20161020  584622  68 S23  11
20161021  584844  37 N27  58
20161021  584844  43 N30  61
20161021  584845  43 N30  61
20161022  585316  12  N6  37
20161022  585316  13  N5  36
20161022  585316  14  N4  35
20161022  585316  15  N3  34
20161022  585316  16  N2  33
20161022  585316  19 N12  43
20161022  585316  20 N11  42
20161022  585316  21 N10  41
20161022  585316  22  N9  40
20161022  585316  25 N18  49
20161022  585316  26 N17  48
20161022  585316  27 N16  47
20161022  585316  28 N15  46
20161022  585316  31 N23  54
20161022  585316  32 N22  53
20161022  585316  33 N21  52
20161022  585316  37 N27  58
20161022  585316  38 N26  57
20161022  585316  39 N25  56
20161022  585316  43 N30  61
20161022  585316  44 N29  60
20161022  585316  49  S6  30
20161022  585316  50  S5  29
20161022  585316  52  S3  27
20161022  585316  53  S2  26
20161022  585316  56 S12  23
20161022  585316  57 S11  22
20161022  585316  58 S10  21
20161022  585316  59  S9  20
20161022  585316  61 S19  18
20161022  585316  62 S18  17
20161022  585316  63 S17  16
20161022  585316  64 S16  15
20161022  585316  67 S24  12
20161022  585316  68 S23  11
20161022  585316  69 S22  10
20161022  585316  70 S21   9
20161022  585316  73 S28   7
20161022  585316  74 S27   6
20161022  585316  75 S26   5
20161022  585316  79 S31   3
20161022  585316  80 S30   2
20161024  585845  25 N18  49
20161024  585845  31 N23  54
20161024  585947  12  N6  37
20161024  585947  13  N5  36
20161024  585947  14  N4  35
20161024  585947  15  N3  34
20161024  585947  16  N2  33
20161024  585947  19 N12  43
20161024  585947  20 N11  42
20161024  585947  21 N10  41
20161024  585947  22  N9  40
20161024  585947  25 N18  49
20161024  585947  26 N17  48
20161024  585947  27 N16  47
20161024  585947  28 N15  46
20161024  585947  31 N23  54
20161024  585947  32 N22  53
20161024  585947  33 N21  52
20161024  585947  37 N27  58
20161024  585947  38 N26  57
20161024  585947  39 N25  56
20161024  585947  43 N30  61
20161024  585947  44 N29  60
20161024  585947  49  S6  30
20161024  585947  50  S5  29
20161024  585947  52  S3  27
20161024  585947  53  S2  26
20161024  585947  56 S12  23
20161024  585947  57 S11  22
20161024  585947  58 S10  21
20161024  585947  59  S9  20
20161024  585947  61 S19  18
20161024  585947  62 S18  17
20161024  585947  63 S17  16
20161024  585947  64 S16  15
20161024  585947  67 S24  12
20161024  585947  68 S23  11
20161024  585947  69 S22  10
20161024  585947  70 S21   9
20161024  585947  73 S28   7
20161024  585947  74 S27   6
20161024  585947  75 S26   5
20161024  585947  79 S31   3
20161024  585947  80 S30   2
20161025  586183  19 N12  43
20161025  586183  20 N11  42
20161025  586183  25 N18  49
20161025  586183  26 N17  48
20161025  586183  30 N24  55
20161025  586183  31 N23  54
20161025  586184  25 N18  49
20161025  586184  31 N23  54
20161025  586295  42 N31  62
20161025  586295  43 N30  61
20161025  586295  80 S30   2
20161026  586530  81 S29   1
20161026  586531  11  N7  38
20161026  586535  73 S28   7
20161026  586716  76 S25   4
20161026  586724  71 S20   8
20161026  586724  76 S25   4
20161026  586724  81 S29   1
20161027  586926  73 S28   7
20161027  586943  19 N12  43
20161027  586943  20 N11  42
20161027  586943  25 N18  49
20161027  586943  26 N17  48
20161027  586943  31 N23  54
20161027  586944  19 N12  43
20161027  586944  20 N11  42
20161027  586944  25 N18  49
20161027  586944  26 N17  48
20161027  586944  30 N24  55
20161027  586944  31 N23  54
20161027  586945  25 N18  49
20161027  586945  31 N23  54
20161028  587352  79 S31   3
20161028  587355  56 S12  23
20161028  587355  61 S19  18
20161028  587355  62 S18  17
20161028  587358  31 N23  54
20161028  587358  32 N22  53
20161028  587358  36 N28  59
20161028  587358  37 N27  58
20161028  587358  42 N31  62
20161028  587358  43 N30  61
20161028  587359  36 N28  59
20161028  587359  37 N27  58
20161028  587359  42 N31  62
20161028  587359  43 N30  61
20161028  587382  75 S26   5
20161028  587382  80 S30   2
20161102  588877  11  N7  38
20161102  588878  81 S29   1
20161102  589017  65 S15  14
20161102  589017  70 S21   9
20161102  589017  71 S20   8
20161102  589017  75 S26   5
20161102  589017  76 S25   4
20161102  589019  71 S20   8
20161102  589019  75 S26   5
20161102  589019  76 S25   4
20161102  589054  68 S23  11
20161103  589245  21 N10  41
20161103  589245  27 N16  47
20161103  589248  43 N30  61
20161103  589421  36 N28  59
20161103  589421  42 N31  62
20161103  589426  31 N23  54
20161103  589426  36 N28  59
20161103  589426  37 N27  58
20161103  589426  42 N31  62
20161103  589477  25 N18  49
20161103  589478  67 S24  12
20161103  589478  73 S28   7
20161104  589715  54  S1  25
20161104  589911  49  S6  30
20161104  589913  65 S15  14
20161104  589913  70 S21   9
20161104  589913  71 S20   8
20161104  589913  75 S26   5
20161104  589913  76 S25   4
20161105  590090  12  N6  37
20161105  590090  13  N5  36
20161105  590090  15  N3  34
20161105  590090  16  N2  33
20161105  590090  19 N12  43
20161105  590090  20 N11  42
20161105  590090  21 N10  41
20161105  590090  22  N9  40
20161105  590090  25 N18  49
20161105  590090  26 N17  48
20161105  590090  27 N16  47
20161105  590090  28 N15  46
20161105  590090  31 N23  54
20161105  590090  32 N22  53
20161105  590090  33 N21  52
20161105  590090  34 N20  51
20161105  590090  36 N28  59
20161105  590090  37 N27  58
20161105  590090  38 N26  57
20161105  590090  39 N25  56
20161105  590090  42 N31  62
20161105  590090  43 N30  61
20161105  590090  44 N29  60
20161105  590090  49  S6  30
20161105  590090  50  S5  29
20161105  590090  52  S3  27
20161105  590090  53  S2  26
20161105  590090  56 S12  23
20161105  590090  57 S11  22
20161105  590090  58 S10  21
20161105  590090  59  S9  20
20161105  590090  62 S18  17
20161105  590090  63 S17  16
20161105  590090  64 S16  15
20161105  590090  65 S15  14
20161105  590090  67 S24  12
20161105  590090  68 S23  11
20161105  590090  69 S22  10
20161105  590090  70 S21   9
20161105  590090  74 S27   6
20161105  590090  75 S26   5
20161105  590090  79 S31   3
20161105  590090  80 S30   2
20161105  590269  12  N6  37
20161105  590269  13  N5  36
20161105  590269  14  N4  35
20161105  590269  15  N3  34
20161105  590269  16  N2  33
20161105  590269  19 N12  43
20161105  590269  20 N11  42
20161105  590269  21 N10  41
20161105  590269  22  N9  40
20161105  590269  25 N18  49
20161105  590269  26 N17  48
20161105  590269  27 N16  47
20161105  590269  28 N15  46
20161105  590269  31 N23  54
20161105  590269  32 N22  53
20161105  590269  33 N21  52
20161105  590269  37 N27  58
20161105  590269  38 N26  57
20161105  590269  49  S6  30
20161105  590269  50  S5  29
20161105  590269  51  S4  28
20161105  590269  52  S3  27
20161105  590269  53  S2  26
20161105  590269  56 S12  23
20161105  590269  57 S11  22
20161105  590269  58 S10  21
20161105  590269  59  S9  20
20161105  590269  62 S18  17
20161105  590269  63 S17  16
20161105  590269  64 S16  15
20161105  590269  65 S15  14
20161105  590269  67 S24  12
20161105  590269  68 S23  11
20161105  590269  69 S22  10
20161105  590269  70 S21   9
20161105  590269  71 S20   8
20161105  590269  73 S28   7
20161105  590269  74 S27   6
20161105  590269  75 S26   5
20161105  590269  79 S31   3
20161105  590269  80 S30   2
20161105  590275  20 N11  42
20161105  590275  21 N10  41
20161105  590275  26 N17  48
20161105  590275  27 N16  47
20161105  590275  31 N23  54
20161105  590275  32 N22  53
20161105  590275  33 N21  52
20161105  590275  36 N28  59
20161105  590275  37 N27  58
20161105  590275  38 N26  57
20161105  590275  39 N25  56
20161105  590275  42 N31  62
20161105  590275  43 N30  61
20161105  590275  44 N29  60
20161105  590275  63 S17  16
20161105  590275  64 S16  15
20161105  590275  69 S22  10
20161105  590275  74 S27   6
20161105  590275  75 S26   5
20161105  590276  20 N11  42
20161105  590276  21 N10  41
20161105  590276  26 N17  48
20161105  590276  27 N16  47
20161105  590276  63 S17  16
20161105  590276  64 S16  15
20161105  590276  69 S22  10
20161105  590276  74 S27   6
20161105  590276  75 S26   5
20161105  590318  62 S18  17
20161105  590318  63 S17  16
20161105  590318  68 S23  11
20161105  590336  30 N24  55
20161105  590336  36 N28  59
20161105  590337  76 S25   4
20161105  590337  61 S19  18
20161106  590555  31 N23  54
20161106  590555  32 N22  53
20161106  590555  37 N27  58
20161109  591877  11  N7  38
20161109  591877  12  N6  37
20161109  591877  16  N2  33
20161109  591877  18 N13  44
20161109  591877  48  S7  31
20161109  591877  49  S6  30
20161109  591877  53  S2  26
20161109  591877  59  S9  20
20161109  591877  60  S8  19
20161109  591878  11  N7  38
20161109  591878  12  N6  37
20161109  591878  18 N13  44
20161109  591878  48  S7  31
20161109  591878  49  S6  30
20161110  592190  55 S13  24
20161110  592190  56 S12  23
20161110  592190  62 S18  17
20161110  592324  62 S18  17
20161110  592324  63 S17  16
20161110  592324  68 S23  11
20161110  592348  61 S19  18
20161110  592349  30 N24  55
20161110  592349  36 N28  59
20161116  593459  81 S29   1
20161118  594216  16  N2  33
20161118  594216  22  N9  40
20161118  594216  23  N8  39
20161118  594217  16  N2  33
20161118  594217  22  N9  40
20161118  594217  23  N8  39
20161118  594218  16  N2  33
20161118  594218  22  N9  40
20161118  594218  23  N8  39
20161122  595418  55 S13  24
20161122  595418  56 S12  23
20161122  595418  61 S19  18
20161122  595418  62 S18  17
20161122  595437  16  N2  33
20161122  595437  22  N9  40
20161122  595437  23  N8  39
20161123  595759  55 S13  24
20161123  595759  56 S12  23
20161123  595759  61 S19  18
20161123  595759  62 S18  17
20161124  596179  48  S7  31
20161124  596182  11  N7  38
20161124  596182  12  N6  37
20161124  596182  18 N13  44
20161124  596182  48  S7  31
20161124  596182  49  S6  30
20161124  596183  11  N7  38
20161124  596183  48  S7  31
20161124  596204  32 N22  53
20161124  596205  26 N17  48
20161124  596205  27 N16  47
20161124  596205  32 N22  53
20161126  596870  16  N2  33
20161126  596870  22  N9  40
20161126  596870  23  N8  39
20161126  596871  16  N2  33
20161126  596871  22  N9  40
20161126  596871  23  N8  39
20161126  596872  16  N2  33
20161126  596872  22  N9  40
20161126  596872  23  N8  39
20161126  596874  36 N28  59
20161126  596874  42 N31  62
20161126  596900  51  S4  28
20161126  596900  58 S10  21
20161126  596908  51  S4  28
20161126  596908  58 S10  21
20161127  597174  55 S13  24
20161127  597174  56 S12  23
20161127  597174  61 S19  18
20161127  597174  62 S18  17
20161127  597199  55 S13  24
20161127  597199  56 S12  23
20161127  597199  61 S19  18
20161127  597199  62 S18  17
20161128  597553  51  S4  28
20161128  597554  13  N5  36
20161128  597554  14  N4  35
20161128  597554  20 N11  42
20161128  597554  21 N10  41
20161128  597554  50  S5  29
20161128  597554  51  S4  28
20161128  597554  52  S3  27
20161129  598057  15  N3  34
20161129  598057  21 N10  41
20161129  598065  62 S18  17
20161129  598065  63 S17  16
20161129  598065  68 S23  11
20161129  598066  62 S18  17
20161129  598066  63 S17  16
20161129  598066  68 S23  11
20161201  598588  81 S29   1
20161201  598707  70 S21   9
20161201  598707  71 S20   8
20161201  598707  75 S26   5
20161203  599430  57 S11  22
20161203  599452  30 N24  55
20161204  599869  62 S18  17
20161204  599869  63 S17  16
20161204  599869  68 S23  11
20161205  600175  12  N6  37
20161205  600175  13  N5  36
20161205  600175  14  N4  35
20161205  600175  15  N3  34
20161205  600175  16  N2  33
20161205  600175  19 N12  43
20161205  600175  20 N11  42
20161205  600175  21 N10  41
20161205  600175  22  N9  40
20161205  600175  25 N18  49
20161205  600175  26 N17  48
20161205  600175  27 N16  47
20161205  600175  28 N15  46
20161205  600175  30 N24  55
20161205  600175  31 N23  54
20161205  600175  32 N22  53
20161205  600175  33 N21  52
20161205  600175  34 N20  51
20161205  600175  36 N28  59
20161205  600175  37 N27  58
20161205  600175  38 N26  57
20161205  600175  39 N25  56
20161205  600175  42 N31  62
20161205  600175  43 N30  61
20161205  600175  44 N29  60
20161205  600175  49  S6  30
20161205  600175  50  S5  29
20161205  600175  51  S4  28
20161205  600175  52  S3  27
20161205  600175  53  S2  26
20161205  600175  56 S12  23
20161205  600175  57 S11  22
20161205  600175  58 S10  21
20161205  600175  59  S9  20
20161205  600175  62 S18  17
20161205  600175  63 S17  16
20161205  600175  64 S16  15
20161205  600175  65 S15  14
20161205  600175  68 S23  11
20161205  600175  69 S22  10
20161205  600175  70 S21   9
20161205  600175  74 S27   6
20161205  600175  75 S26   5
20161205  600212  37 N27  58
20161205  600212  42 N31  62
20161205  600212  43 N30  61
20161205  600213  37 N27  58
20161205  600213  42 N31  62
20161205  600213  43 N30  61
20161216  601523  15  N3  34
20161216  601523  21 N10  41
20161217  601968  37 N27  58
20161217  601968  42 N31  62
20161218  602245  71 S20   8
20161218  602245  76 S25   4
20161218  602245  81 S29   1
20161218  602280  63 S17  16
20161218  602280  25 N18  49
20161218  602287  75 S26   5
20161218  602287  80 S30   2
20161218  602359  12  N6  37
20161218  602359  13  N5  36
20161218  602359  15  N3  34
20161218  602359  16  N2  33
20161218  602359  19 N12  43
20161218  602359  20 N11  42
20161218  602359  21 N10  41
20161218  602359  22  N9  40
20161218  602359  25 N18  49
20161218  602359  26 N17  48
20161218  602359  27 N16  47
20161218  602359  28 N15  46
20161218  602359  31 N23  54
20161218  602359  32 N22  53
20161218  602359  33 N21  52
20161218  602359  49  S6  30
20161218  602359  50  S5  29
20161218  602359  52  S3  27
20161218  602359  53  S2  26
20161218  602359  56 S12  23
20161218  602359  57 S11  22
20161218  602359  58 S10  21
20161218  602359  59  S9  20
20161218  602359  62 S18  17
20161218  602359  63 S17  16
20161218  602359  64 S16  15
20161218  602359  65 S15  14
20161218  602359  67 S24  12
20161218  602359  69 S22  10
20161218  602359  70 S21   9
20161218  602359  73 S28   7
20161219  602598  15  N3  34
20161219  602657  71 S20   8
20161219  602657  75 S26   5
20161219  602657  76 S25   4
20161219  602658  63 S17  16
20161219  602658  68 S23  11
20161219  602658  69 S22  10
20161219  602658  73 S28   7
20161219  602658  74 S27   6
20161219  602658  79 S31   3
20161219  602658  80 S30   2
20161221  603274  51  S4  28
20161221  603308  61 S19  18
20161221  603309  66 S14  13
20161221  603322  18 N13  44
20161221  603322  24 N19  50
20161221  603323  12  N6  37
20161221  603323  18 N13  44
20161221  603323  19 N12  43
20161221  603323  24 N19  50
20161221  603465  34 N20  51
20161221  603465  39 N25  56
20161221  603465  44 N29  60
20161221  603465  67 S24  12
20161221  603465  68 S23  11
20161221  603465  73 S28   7
20161221  603466  17  N1  32
20161221  603466  54  S1  25
20161222  603687  11  N7  38
20161222  603687  12  N6  37
20161222  603687  18 N13  44
20161222  603687  48  S7  31
20161222  603687  49  S6  30
20161222  603762  20 N11  42
20161222  603762  21 N10  41
20161222  603812  44 N29  60
20161222  603812  67 S24  12
20161222  603812  73 S28   7
20161222  603813  34 N20  51
20161222  603813  39 N25  56
20161222  603813  44 N29  60
20161222  603813  67 S24  12
20161222  603813  68 S23  11
20161222  603813  73 S28   7
20161222  603819  11  N7  38
20161222  603819  17  N1  32
20161222  603819  48  S7  31
20161222  603819  54  S1  25
20161222  603820  37 N27  58
20161222  603820  42 N31  62
20161222  603820  75 S26   5
20161222  603820  80 S30   2
20161222  603820  81 S29   1
20161223  604155  11  N7  38
20161223  604155  12  N6  37
20161223  604155  13  N5  36
20161223  604155  14  N4  35
20161223  604155  15  N3  34
20161223  604155  16  N2  33
20161223  604155  17  N1  32
20161223  604155  18 N13  44
20161223  604155  19 N12  43
20161223  604155  20 N11  42
20161223  604155  21 N10  41
20161223  604155  22  N9  40
20161223  604155  23  N8  39
20161223  604155  25 N18  49
20161223  604155  26 N17  48
20161223  604155  27 N16  47
20161223  604155  28 N15  46
20161223  604155  29 N14  45
20161223  604155  31 N23  54
20161223  604155  32 N22  53
20161223  604155  33 N21  52
20161223  604155  34 N20  51
20161223  604155  48  S7  31
20161223  604155  49  S6  30
20161223  604155  50  S5  29
20161223  604155  51  S4  28
20161223  604155  52  S3  27
20161223  604155  53  S2  26
20161223  604155  54  S1  25
20161223  604155  55 S13  24
20161223  604155  56 S12  23
20161223  604155  57 S11  22
20161223  604155  58 S10  21
20161223  604155  59  S9  20
20161223  604155  60  S8  19
20161223  604155  62 S18  17
20161223  604155  63 S17  16
20161223  604155  64 S16  15
20161223  604155  65 S15  14
20161223  604155  66 S14  13
20161223  604155  68 S23  11
20161223  604155  69 S22  10
20161223  604155  71 S20   8
20161223  604156  11  N7  38
20161223  604156  12  N6  37
20161223  604156  13  N5  36
20161223  604156  15  N3  34
20161223  604156  16  N2  33
20161223  604156  18 N13  44
20161223  604156  19 N12  43
20161223  604156  20 N11  42
20161223  604156  21 N10  41
20161223  604156  22  N9  40
20161223  604156  25 N18  49
20161223  604156  26 N17  48
20161223  604156  27 N16  47
20161223  604156  28 N15  46
20161223  604156  31 N23  54
20161223  604156  32 N22  53
20161223  604156  48  S7  31
20161223  604156  49  S6  30
20161223  604156  50  S5  29
20161223  604156  51  S4  28
20161223  604156  52  S3  27
20161223  604156  53  S2  26
20161223  604156  55 S13  24
20161223  604156  56 S12  23
20161223  604156  57 S11  22
20161223  604156  58 S10  21
20161223  604156  59  S9  20
20161223  604156  62 S18  17
20161223  604156  63 S17  16
20161223  604156  64 S16  15
20161223  604156  65 S15  14
20161223  604156  68 S23  11
20161223  604156  69 S22  10
20161223  604156  70 S21   9
20161224  604353  11  N7  38
20161224  604353  12  N6  37
20161224  604353  18 N13  44
20161224  604353  48  S7  31
20161224  604353  49  S6  30
20161224  604391  15  N3  34
20161224  604391  16  N2  33
20161224  604391  22  N9  40
20161224  604391  23  N8  39
20161224  604392  16  N2  33
20161224  604392  22  N9  40
20161224  604392  23  N8  39
20161224  604467  11  N7  38
20161224  604467  17  N1  32
20161224  604467  18 N13  44
20161224  604467  48  S7  31
20161224  604467  54  S1  25
20161224  604467  55 S13  24
20161230  605661  15  N3  34
20161230  605661  21 N10  41
20161230  605662  15  N3  34
20161230  605662  21 N10  41
20170106  607257  26 N17  48
20170106  607257  31 N23  54
20170106  607257  32 N22  53
20170106  607257  37 N27  58
20170106  607257  38 N26  57
20170107  607520  26 N17  48
20170107  607520  27 N16  47
20170107  607520  32 N22  53
20170107  607520  37 N27  58
20170107  607520  38 N26  57
20170117  610031  68 S23  11
20170117  610031  74 S27   6
20170117  610032  63 S17  16
20170117  610032  68 S23  11
20170117  610032  74 S27   6
20170117  610062  25 N18  49
20170117  610062  30 N24  55
20170119  610979  12  N6  37
20170119  610979  18 N13  44
20170119  610979  19 N12  43
20170119  610979  24 N19  50
20170119  610979  53  S2  26
20170119  610979  59  S9  20
20170119  610979  60  S8  19
20170119  610979  65 S15  14
20170119  610979  66 S14  13
20170119  610991  67 S24  12
20170119  610991  73 S28   7
20170120  611371  26 N17  48
20170120  611371  27 N16  47
20170120  611371  32 N22  53
20170120  611371  37 N27  58
20170120  611371  38 N26  57
20170120  611412  76 S25   4
20170120  611450  37 N27  58
20170120  611450  42 N31  62
20170120  611450  74 S27   6
20170120  611450  75 S26   5
20170120  611450  76 S25   4
20170120  611450  79 S31   3
20170120  611450  80 S30   2
20170120  611450  81 S29   1
20170121  611895  30 N24  55
20170121  611895  36 N28  59
20170121  611896  66 S14  13
20170121  611897  66 S14  13
20170121  611928  62 S18  17
20170121  611928  63 S17  16
20170121  611928  68 S23  11
20170125  612992  37 N27  58
20170125  612992  42 N31  62
20170125  612992  74 S27   6
20170125  612992  75 S26   5
20170125  612992  76 S25   4
20170125  612992  79 S31   3
20170125  612992  80 S30   2
20170125  612992  81 S29   1
20170125  613002  64 S16  15
20170125  613003  64 S16  15
20170125  613004  58 S10  21
20170125  613004  64 S16  15
20170125  613019  25 N18  49
20170125  613019  30 N24  55
20170126  613392  37 N27  58
20170126  613392  42 N31  62
20170126  613392  74 S27   6
20170126  613392  75 S26   5
20170126  613392  76 S25   4
20170126  613392  79 S31   3
20170126  613392  80 S30   2
20170126  613392  81 S29   1
20170126  613393  11  N7  38
20170126  613393  12  N6  37
20170126  613393  13  N5  36
20170126  613393  14  N4  35
20170126  613393  15  N3  34
20170126  613393  16  N2  33
20170126  613393  17  N1  32
20170126  613393  18 N13  44
20170126  613393  19 N12  43
20170126  613393  20 N11  42
20170126  613393  21 N10  41
20170126  613393  22  N9  40
20170126  613393  23  N8  39
20170126  613393  25 N18  49
20170126  613393  26 N17  48
20170126  613393  27 N16  47
20170126  613393  28 N15  46
20170126  613393  29 N14  45
20170126  613393  31 N23  54
20170126  613393  32 N22  53
20170126  613393  33 N21  52
20170126  613393  34 N20  51
20170126  613393  48  S7  31
20170126  613393  49  S6  30
20170126  613393  50  S5  29
20170126  613393  51  S4  28
20170126  613393  52  S3  27
20170126  613393  53  S2  26
20170126  613393  54  S1  25
20170126  613393  55 S13  24
20170126  613393  56 S12  23
20170126  613393  57 S11  22
20170126  613393  58 S10  21
20170126  613393  59  S9  20
20170126  613393  60  S8  19
20170126  613393  62 S18  17
20170126  613393  63 S17  16
20170126  613393  64 S16  15
20170126  613393  65 S15  14
20170126  613393  66 S14  13
20170126  613393  68 S23  11
20170126  613393  69 S22  10
20170126  613393  70 S21   9
20170126  613393  71 S20   8
20170127  613759  25 N18  49
20170127  613759  30 N24  55
20170127  613760  25 N18  49
20170127  613760  30 N24  55
20170127  613765  80 S30   2
20170128  614054  63 S17  16
20170128  614054  68 S23  11
20170128  614054  69 S22  10
20170128  614054  73 S28   7
20170128  614054  74 S27   6
20170128  614089  37 N27  58
20170128  614089  42 N31  62
20170128  614089  74 S27   6
20170128  614089  75 S26   5
20170128  614089  76 S25   4
20170128  614089  79 S31   3
20170128  614089  80 S30   2
20170128  614089  81 S29   1
20170129  614399  60  S8  19
20170129  614490  80 S30   2
20170129  614491  80 S30   2
20170131  615076  37 N27  58
20170131  615076  42 N31  62
20170131  615076  74 S27   6
20170131  615076  75 S26   5
20170131  615076  76 S25   4
20170131  615076  79 S31   3
20170131  615076  80 S30   2
20170131  615076  81 S29   1
20170131  615102  13  N5  36
20170131  615102  15  N3  34
20170131  615102  16  N2  33
20170131  615102  22  N9  40
20170131  615102  23  N8  39
20170131  615102  50  S5  29
20170131  615102  56 S12  23
20170131  615102  57 S11  22
20170131  615103  16  N2  33
20170131  615103  22  N9  40
20170131  615103  23  N8  39
20170201  615510  63 S17  16
20170201  615510  68 S23  11
20170201  615510  69 S22  10
20170201  615510  73 S28   7
20170201  615510  74 S27   6
20170201  615510  79 S31   3
20170201  615510  80 S30   2
20170201  615511  74 S27   6
20170201  615511  79 S31   3
20170201  615511  80 S30   2
20170204  616651  80 S30   2
20170205  617192  22  N9  40
20170205  617192  28 N15  46
20170208  618549  68 S23  11
20170208  618549  69 S22  10
20170208  618549  73 S28   7
20170208  618549  74 S27   6
20170208  618549  79 S31   3
20170208  618549  80 S30   2
20170215  621246  11  N7  38
20170215  621246  12  N6  37
20170215  621246  48  S7  31
20170215  621246  49  S6  30
20170215  621246  55 S13  24
20170216  621590  30 N24  55
20170216  621617  22  N9  40
20170216  621617  28 N15  46
20170216  621629  12  N6  37
20170216  621629  13  N5  36
20170216  621629  15  N3  34
20170216  621629  16  N2  33
20170216  621629  19 N12  43
20170216  621629  20 N11  42
20170216  621629  21 N10  41
20170216  621629  22  N9  40
20170216  621629  25 N18  49
20170216  621629  26 N17  48
20170216  621629  27 N16  47
20170216  621629  28 N15  46
20170216  621629  31 N23  54
20170216  621629  32 N22  53
20170216  621629  33 N21  52
20170216  621629  37 N27  58
20170216  621629  38 N26  57
20170216  621629  49  S6  30
20170216  621629  50  S5  29
20170216  621629  51  S4  28
20170216  621629  52  S3  27
20170216  621629  53  S2  26
20170216  621629  56 S12  23
20170216  621629  57 S11  22
20170216  621629  58 S10  21
20170216  621629  59  S9  20
20170216  621629  62 S18  17
20170216  621629  63 S17  16
20170216  621629  64 S16  15
20170216  621629  65 S15  14
20170216  621629  69 S22  10
20170217  622010  12  N6  37
20170217  622010  13  N5  36
20170217  622010  14  N4  35
20170217  622010  15  N3  34
20170217  622010  16  N2  33
20170217  622010  19 N12  43
20170217  622010  20 N11  42
20170217  622010  21 N10  41
20170217  622010  22  N9  40
20170217  622010  25 N18  49
20170217  622010  26 N17  48
20170217  622010  27 N16  47
20170217  622010  28 N15  46
20170217  622010  31 N23  54
20170217  622010  32 N22  53
20170217  622010  33 N21  52
20170217  622010  49  S6  30
20170217  622010  50  S5  29
20170217  622010  51  S4  28
20170217  622010  52  S3  27
20170217  622010  53  S2  26
20170217  622010  56 S12  23
20170217  622010  57 S11  22
20170217  622010  58 S10  21
20170217  622010  59  S9  20
20170217  622010  62 S18  17
20170217  622010  63 S17  16
20170217  622010  64 S16  15
20170217  622010  65 S15  14
20170217  622010  66 S14  13
20170217  622010  67 S24  12
20170217  622010  68 S23  11
20170217  622010  69 S22  10
20170217  622010  70 S21   9
20170217  622010  71 S20   8
20170217  622010  73 S28   7
20170217  622010  74 S27   6
20170217  622010  75 S26   5
20170217  622010  79 S31   3
20170217  622010  80 S30   2
20170217  622010  81 S29   1
20170218  622292  49  S6  30
