#date     expnum ccd id ccdnum
20170802  664543  71 S20   8
20170802  664543  76 S25   4
20170802  664543  75 S26   5
20170802  664543  80 S30   2
20170802  664543  81 S29   1
20170802  664544  75 S26   5
20170802  664544  80 S30   2
20170802  664544 nan nan   1
20170802  664544 nan nan   4
20170802  664544 nan nan   9
20170802  664545  42 N31  62
20170802  664545 nan nan   1
20170802  664545 nan nan   4
20170802  664546  42 N31  62
20170802  664546 nan nan   1
20170802  664546 nan nan   4
20170804  665673  13  N5  36
20170804  665673  19 N12  43
20170805  665900 nan nan  17
20170805  665900 nan nan  22
20170805  665900 nan nan  23
20170805  665901 nan nan  17
20170805  665901 nan nan  22
20170805  665901 nan nan  23
20170805  665902 nan nan  17
20170805  665902 nan nan  22
20170805  665902 nan nan  23
20170805  665903 nan nan  17
20170805  665903 nan nan  22
20170805  665903 nan nan  23
20170805  665904 nan nan  17
20170805  665904 nan nan  22
20170805  665904 nan nan  23
20170805  665905 nan nan  17
20170805  665905 nan nan  22
20170805  665905 nan nan  23
20170805  665906 nan nan  17
20170805  665906 nan nan  22
20170805  665906 nan nan  23
20170805  665907 nan nan  17
20170805  665907 nan nan  22
20170805  665907 nan nan  23
20170805  665908 nan nan  17
20170805  665908 nan nan  22
20170805  665908 nan nan  23
20170805  665908 nan nan  47
20170805  665909 nan nan  17
20170805  665909 nan nan  22
20170805  665909 nan nan  23
20170805  665910 nan nan  17
20170805  665910 nan nan  22
20170805  665910 nan nan  23
20170805  665911 nan nan  17
20170805  665911 nan nan  22
20170805  665911 nan nan  23
20170805  665912 nan nan  17
20170805  665912 nan nan  22
20170805  665912 nan nan  23
20170805  665913 nan nan  22
20170805  665914 nan nan  17
20170805  665914 nan nan  22
20170805  665914 nan nan  23
20170805  665915 nan nan  17
20170805  665915 nan nan  22
20170805  665915 nan nan  23
20170805  665916 nan nan  17
20170805  665916 nan nan  22
20170805  665916 nan nan  23
20170805  665917 nan nan  17
20170805  665917 nan nan  22
20170805  665917 nan nan  23
20170805  665918 nan nan  17
20170805  665918 nan nan  22
20170805  665918 nan nan  23
20170805  665919 nan nan  17
20170805  665919 nan nan  22
20170805  665919 nan nan  23
20170805  665920 nan nan  17
20170805  665920 nan nan  22
20170805  665920 nan nan  23
20170805  665921 nan nan  17
20170805  665921 nan nan  22
20170805  665921 nan nan  23
20170805  665922 nan nan  17
20170805  665922 nan nan  22
20170805  665922 nan nan  23
20170805  665923 nan nan  17
20170805  665923 nan nan  22
20170805  665923 nan nan  23
20170805  665924 nan nan  17
20170805  665924 nan nan  22
20170805  665924 nan nan  23
20170805  665925 nan nan  17
20170805  665925 nan nan  22
20170805  665925 nan nan  23
20170805  665926 nan nan  17
20170805  665926 nan nan  22
20170805  665926 nan nan  23
20170805  665935 nan nan  17
20170805  665935 nan nan  22
20170805  665935 nan nan  23
20170805  665936 nan nan  17
20170805  665936 nan nan  22
20170805  665936 nan nan  23
20170805  665937 nan nan  17
20170805  665937 nan nan  22
20170805  665937 nan nan  23
20170805  665942  61 S19  18
20170805  665942  62 S18  17
20170805  665942  67 S24  12
20170805  665993  75 S26   5
20170805  665993  80 S30   2
20170805  665993 nan nan   1
20170805  665993 nan nan   4
20170805  666008  25 N18  49
20170805  666008  31 N23  54
20170806  666206  37 N27  58
20170806  666206  42 N31  62
20170806  666206  43 N30  61
20170815  667673  15  N3  34
20170815  667673  16  N2  33
20170815  667673  21 N10  41
20170815  667673  22  N9  40
20170815  667673  28 N15  46
20170816  667927  24 N19  50
20170816  667928  27 N16  47
20170816  667928  28 N15  46
20170816  667928  33 N21  52
20170816  667929  75 S26   5
20170816  667929  80 S30   2
20170816  667929  81 S29   1
20170816  667929 nan nan   4
20170816  668089  13  N5  36
20170816  668089  19 N12  43
20170816  668089  20 N11  42
20170819  669537  15  N3  34
20170819  669537  16  N2  33
20170819  669537  21 N10  41
20170819  669537  22  N9  40
20170819  669537  28 N15  46
20170819  669572  13  N5  36
20170819  669572  19 N12  43
20170819  669572  20 N11  42
20170821  670233  43 N30  61
20170821  670233  44 N29  60
20170823  671216  15  N3  34
20170823  671216  16  N2  33
20170823  671216  21 N10  41
20170823  671216  22  N9  40
20170823  671216  28 N15  46
20170824  671659  15  N3  34
20170824  671659  16  N2  33
20170824  671659  21 N10  41
20170824  671659  22  N9  40
20170824  671659  28 N15  46
20170825  672059  13  N5  36
20170825  672059  19 N12  43
20170825  672059  20 N11  42
20170914  677787  33 N21  52
20170914  677787  34 N20  51
20170914  677787  39 N25  56
20170915  677952  74 S27   6
20170915  677952  79 S31   3
20170915  677952  80 S30   2
20170915  677952 nan nan  11
20170915  678079  16  N2  33
20170915  678079  53  S2  26
20170915  678094 nan nan   1
20170915  678094 nan nan   5
20170915  678095 nan nan   1
20170915  678095 nan nan   5
20170916  678260  73 S28   7
20170916  678260  79 S31   3
20170916  678261  44 N29  60
20170916  678261 nan nan  56
20170916  678419  17  N1  32
20170916  678419  23  N8  39
20170916  678419  29 N14  45
20170919  679540  73 S28   7
20170919  679540  79 S31   3
20170920  679869  18 N13  44
20170920  679869  24 N19  50
20170921  680114  44 N29  60
20170921  680114 nan nan  56
20170921  680114 nan nan  52
20170921  680114 nan nan   7
20170921  680114 nan nan  12
20170921  680168  32 N22  53
20170921  680168  33 N21  52
20170921  680168 nan nan  47
20170921  680172  23  N8  39
20170921  680172  29 N14  45
20170924  681168 nan nan  17
20170924  681168 nan nan  23
20170924  681168 nan nan  24
20170924  681168 nan nan  30
20170924  681168 nan nan  39
20170924  681168 nan nan  40
20170924  681168 nan nan  45
20170924  681169 nan nan  17
20170924  681169 nan nan  23
20170924  681169 nan nan  24
20170924  681169 nan nan  30
20170924  681169 nan nan  39
20170924  681169 nan nan  40
20170924  681169 nan nan  45
20170925  681622 nan nan  18
20170925  681622 nan nan  23
20170925  681622 nan nan  24
20171023  690153  39 N25  56
20171023  690153  43 N30  61
20171023  690153  44 N29  60
20171023  690253  17  N1  32
20171023  690253  54  S1  25
20171024  690432  75 S26   5
20171024  690432  80 S30   2
20171024  690457  25 N18  49
20171024  690457  31 N23  54
20171024  690498  51  S4  28
20171024  690498  58 S10  21
20171024  690516  27 N16  47
20171024  690516  32 N22  53
20171024  690516  33 N21  52
20171110  694923  16  N2  33
20171110  694923  22  N9  40
20171110  694923  23  N8  39
20171110  694923 nan nan  46
20171111  695338  44 N29  60
20171111  695338 nan nan  57
20171111  695338 nan nan   2
20171111  695338 nan nan   3
20171111  695338 nan nan   7
20171111  695360  69 S22  10
20171111  695360  70 S21   9
20171111  695360  75 S26   5
20171111  695360  80 S30   2
20171111  695360 nan nan   1
20171111  695360 nan nan  54
20171111  695360 nan nan  53
20171111  695360 nan nan  58
20171111  695371  42 N31  62
20171111  695371 nan nan   4
20171111  695371 nan nan   5
20171111  695379 nan nan  15
20171111  695435  25 N18  49
20171111  695435  31 N23  54
20171111  695436 nan nan  58
20171112  695634  26 N17  48
20171112  695634  31 N23  54
20171112  695634  32 N22  53
20171112  695635  26 N17  48
20171112  695635  31 N23  54
20171112  695635  32 N22  53
20171112  695715  80 S30   2
20171112  695715 nan nan   1
20171112  695715 nan nan   5
20171112  695715 nan nan  54
20171112  695715 nan nan  53
20171112  695715 nan nan  58
20171112  695731  17  N1  32
20171112  695731  54  S1  25
20171112  695818  18 N13  44
20171112  695818  24 N19  50
20171112  695818  53  S2  26
20171112  695818  59  S9  20
20171112  695818  60  S8  19
20171112  695820  70 S21   9
20171112  695820  71 S20   8
20171112  695820  75 S26   5
20171112  695820  76 S25   4
20171112  695820  80 S30   2
20171112  695820  81 S29   1
20171221  706247  31 N23  54
20171221  706247  36 N28  59
20171221  706247  37 N27  58
20171221  706247  42 N31  62
20171221  706247 nan nan   1
20171221  706247 nan nan   4
20171228  707938  11  N7  38
20171228  707938  12  N6  37
20171228  707938  18 N13  44
20171228  707939  24 N19  50
20171228  707939  30 N24  55
20171230  708598  14  N4  35
20171230  708598  20 N11  42
20171230  708598  21 N10  41
20171230  708598  26 N17  48
20171230  708598  27 N16  47
20171230  708599  14  N4  35
20171230  708599  15  N3  34
20171230  708599  51  S4  28
20171230  708599  52  S3  27
20171230  708600  21 N10  41
20171230  708600  22  N9  40
20171230  708600  27 N16  47
20171230  708600  28 N15  46
20171230  708600  33 N21  52
20171230  708601  26 N17  48
20171230  708601  27 N16  47
20171230  708601  32 N22  53
20171230  708601  37 N27  58
20171230  708601  38 N26  57
20171230  708602  20 N11  42
20171230  708602  25 N18  49
20171230  708602  26 N17  48
20171230  708602  31 N23  54
20171230  708603  13  N5  36
20171230  708603  14  N4  35
20171230  708603  20 N11  42
20171230  708605  14  N4  35
20171230  708605  20 N11  42
20171230  708605  21 N10  41
20171230  708606  13  N5  36
20171230  708606  14  N4  35
20171230  708606  50  S5  29
20171230  708606  51  S4  28
20171230  708607  20 N11  42
20171230  708607  25 N18  49
20171230  708607  26 N17  48
20171230  708608  27 N16  47
20171230  708608  32 N22  53
20171230  708608  38 N26  57
20171230  708609  21 N10  41
20171230  708609  27 N16  47
20171230  708609  28 N15  46
20171230  708610  14  N4  35
20171230  708610  15  N3  34
20171230  708610  21 N10  41
20180124  715510  80 S30   2
20180124  715510 nan nan   1
20180124  715510 nan nan  59
20180124  715510 nan nan  62
20180124  715510 nan nan   5
20180124  715522  12  N6  37
20180124  715522  13  N5  36
20180124  715522  14  N4  35
20180124  715522  15  N3  34
20180124  715522  18 N13  44
20180124  715522  19 N12  43
20180124  715522  20 N11  42
20180124  715522  21 N10  41
20180124  715522  25 N18  49
20180124  715522  26 N17  48
20180124  715522  27 N16  47
20180124  715522  49  S6  30
20180124  715522  51  S4  28
20180124  715522  52  S3  27
20180124  715522  55 S13  24
20180124  715522  56 S12  23
20180124  715522  58 S10  21
20180124  715522  59  S9  20
20180124  715522  61 S19  18
20180124  715522  62 S18  17
20180124  715522  63 S17  16
20180124  715522  64 S16  15
20180124  715522  65 S15  14
20180124  715522  67 S24  12
20180124  715522  68 S23  11
20180124  715522  69 S22  10
20180124  715522  70 S21   9
20180124  715522  74 S27   6
20180124  715522 nan nan  22
20180124  715522 nan nan  29
20180124  715550  14  N4  35
20180124  715550  15  N3  34
20180124  715550  21 N10  41
20180127  716686  75 S26   5
20180127  716686  80 S30   2
20180127  716686 nan nan   6
20180127  716686 nan nan  10
20180204  717941  27 N16  47
20180204  717941  32 N22  53
20180204  718011  80 S30   2
20180208  719461  38 N26  57
20180208  719461  43 N30  61
20180209  719800  38 N26  57
20180209  719800  43 N30  61
20180211  720516  75 S26   5
20180211  720516  80 S30   2
20180211  720516  81 S29   1
20180211  720516 nan nan   4
20180211  720516 nan nan   9
20180211  720516 nan nan  56
20180211  720516 nan nan  60
20180211  720516 nan nan  52
20180211  720556  20 N11  42
20180211  720556  21 N10  41
20180211  720568  20 N11  42
20180211  720568  26 N17  48
20180212  720819  28 N15  46
20180212  720819  33 N21  52
20180214  721594  12  N6  37
20180214  721594  13  N5  36
20180214  721594  15  N3  34
20180214  721594  16  N2  33
20180214  721594  19 N12  43
20180214  721594  20 N11  42
20180214  721594  21 N10  41
20180214  721594  22  N9  40
20180214  721594  25 N18  49
20180214  721594  26 N17  48
20180214  721594  27 N16  47
20180214  721594  28 N15  46
20180214  721594  32 N22  53
20180214  721594  33 N21  52
20180214  721594  49  S6  30
20180214  721594  50  S5  29
20180214  721594  52  S3  27
20180214  721594  53  S2  26
20180214  721594  55 S13  24
20180214  721594  56 S12  23
20180214  721594  57 S11  22
20180214  721594  58 S10  21
20180214  721594  59  S9  20
20180214  721594  62 S18  17
20180214  721594  63 S17  16
20180214  721594  64 S16  15
20180214  721594  65 S15  14
20180214  721594  67 S24  12
20180214  721594  68 S23  11
20180214  721594  69 S22  10
20180214  721594  70 S21   9
20180214  721594  73 S28   7
20180214  721594  74 S27   6
20180214  721594  75 S26   5
20180214  721594  79 S31   3
20180217  722684  48  S7  31
20180217  722684 nan nan  30
20180217  722687  17  N1  32
20180217  722687  54  S1  25
20180217  722780  57 S11  22
20180217  722784  42 N31  62
20180218  723076  55 S13  24
20180218  723076  61 S19  18
20180218  723076 nan nan  23
20180218  723142  71 S20   8
20180218  723142  76 S25   4
20180218  723142 nan nan  14
20180218  723161  12  N6  37
20180218  723161  13  N5  36
20180218  723161  14  N4  35
20180218  723161  15  N3  34
20180218  723161  16  N2  33
20180218  723161  19 N12  43
20180218  723161  20 N11  42
20180218  723161  21 N10  41
20180218  723161  22  N9  40
20180218  723161  25 N18  49
20180218  723161  26 N17  48
20180218  723161  27 N16  47
20180218  723161  28 N15  46
20180218  723161  31 N23  54
20180218  723161  32 N22  53
20180218  723161  33 N21  52
20180218  723161  36 N28  59
20180218  723161  37 N27  58
20180218  723161  38 N26  57
20180218  723161  43 N30  61
20180218  723161  49  S6  30
20180218  723161  50  S5  29
20180218  723161  52  S3  27
20180218  723161  53  S2  26
20180218  723161  56 S12  23
20180218  723161  57 S11  22
20180218  723161  58 S10  21
20180218  723161  59  S9  20
20180218  723161  63 S17  16
20180218  723161  64 S16  15
20180218  723161  74 S27   6
20180218  723161  75 S26   5
20180218  723161  79 S31   3
20180218  723161  80 S30   2
20180218  723161  81 S29   1
20180219  723479  37 N27  58
20180219  723479  42 N31  62
20180219  723479  43 N30  61
20180219  723479 nan nan   5
20180219  723479 nan nan   9
20180219  723479 nan nan  10
20180220  723784  30 N24  55
20180220  723784  31 N23  54
20180220  723784  36 N28  59
20180220  723784  58 S10  21
20180220  723784  59  S9  20
20180220  723784  64 S16  15
20180220  723784  65 S15  14
20180220  723784  70 S21   9
20180221  724143  25 N18  49
20180221  724143  26 N17  48
20180221  724143  30 N24  55
20180221  724143  31 N23  54
20180221  724143  36 N28  59
20180221  724172  48  S7  31
20180221  724172  49  S6  30
20180221  724172  55 S13  24
20180221  724172  61 S19  18
20180221  724176 nan nan   4
20180221  724176 nan nan   9
20180221  724176 nan nan   7
20180221  724176 nan nan  12
20180221  724234  11  N7  38
20180221  724234  12  N6  37
20180221  724234  13  N5  36
20180221  724234  14  N4  35
20180221  724234  15  N3  34
20180221  724234  16  N2  33
20180221  724234  18 N13  44
20180221  724234  19 N12  43
20180221  724234  20 N11  42
20180221  724234  21 N10  41
20180221  724234  22  N9  40
20180221  724234  24 N19  50
20180221  724234  25 N18  49
20180221  724234  26 N17  48
20180221  724234  27 N16  47
20180221  724234  28 N15  46
20180221  724234  30 N24  55
20180221  724234  31 N23  54
20180221  724234  32 N22  53
20180221  724234  36 N28  59
20180221  724234  37 N27  58
20180221  724234  42 N31  62
20180221  724234  48  S7  31
20180221  724234  49  S6  30
20180221  724234  50  S5  29
20180221  724234  51  S4  28
20180221  724234  52  S3  27
20180221  724234  53  S2  26
20180221  724234  56 S12  23
20180221  724234  57 S11  22
20180221  724234  58 S10  21
20180221  724234  59  S9  20
20180221  724234  60  S8  19
20180221  724234  62 S18  17
20180221  724234  63 S17  16
20180221  724234  64 S16  15
20180221  724234  65 S15  14
20180221  724234  66 S14  13
20180221  724234  68 S23  11
20180221  724234  69 S22  10
20180221  724234  70 S21   9
20180221  724234  71 S20   8
20180223  724923  37 N27  58
20180223  724923  42 N31  62
20180223  724923  43 N30  61
20180223  724923 nan nan  53
20180224  725083  26 N17  48
20180224  725083 nan nan  54
20180224  725083 nan nan  53
20180224  725152  36 N28  59
20180224  725152  42 N31  62
20180224  725271 nan nan   4
20180224  725271 nan nan  22
20180224  725271 nan nan  59
20180225  725828  19 N12  43
20180225  725828  25 N18  49
20180225  725829  18 N13  44
20180225  725829  19 N12  43
20180225  725829  24 N19  50
20180225  725829  25 N18  49
20180225  725829  51  S4  28
20180225  725829  52  S3  27
20180225  725829  58 S10  21
20180225  725829  59  S9  20
20180225  725916  19 N12  43
20180225  725916  25 N18  49
20180306  727673  14  N4  35
20180306  727673  15  N3  34
20180306  727745  14  N4  35
20180306  727745  15  N3  34
20180306  727745  21 N10  41
20180307  727982  80 S30   2
20180307  727982  81 S29   1
20180307  727994  12  N6  37
20180307  727994  13  N5  36
20180307  727994  14  N4  35
20180307  727994  15  N3  34
20180307  727994  16  N2  33
20180307  727994  18 N13  44
20180307  727994  19 N12  43
20180307  727994  20 N11  42
20180307  727994  21 N10  41
20180307  727994  22  N9  40
20180307  727994  25 N18  49
20180307  727994  26 N17  48
20180307  727994  27 N16  47
20180307  727994  28 N15  46
20180307  727994  31 N23  54
20180307  727994  32 N22  53
20180307  727994  33 N21  52
20180307  727994  49  S6  30
20180307  727994  50  S5  29
20180307  727994  51  S4  28
20180307  727994  52  S3  27
20180307  727994  53  S2  26
20180307  727994  55 S13  24
20180307  727994  56 S12  23
20180307  727994  57 S11  22
20180307  727994  58 S10  21
20180307  727994  59  S9  20
20180307  727994  61 S19  18
20180307  727994  62 S18  17
20180307  727994  63 S17  16
20180307  727994  64 S16  15
20180307  727994  65 S15  14
20180307  727994  67 S24  12
20180307  727994  68 S23  11
20180307  727994  69 S22  10
20180307  727994  70 S21   9
20180307  727994  74 S27   6
20180307  728066  14  N4  35
20180307  728066  15  N3  34
20180308  728257  37 N27  58
20180308  728257  42 N31  62
20180308  728258  37 N27  58
20180308  728258  42 N31  62
20180308  728344  80 S30   2
20180308  728344 nan nan   1
20180308  728344 nan nan  59
20180308  728344 nan nan  62
20180308  728356  12  N6  37
20180308  728356  13  N5  36
20180308  728356  14  N4  35
20180308  728356  15  N3  34
20180308  728356  18 N13  44
20180308  728356  19 N12  43
20180308  728356  20 N11  42
20180308  728356  21 N10  41
20180308  728356  25 N18  49
20180308  728356  26 N17  48
20180308  728356  27 N16  47
20180308  728356  49  S6  30
20180308  728356  51  S4  28
20180308  728356  52  S3  27
20180308  728356  55 S13  24
20180308  728356  56 S12  23
20180308  728356  58 S10  21
20180308  728356  59  S9  20
20180308  728356  61 S19  18
20180308  728356  62 S18  17
20180308  728356  63 S17  16
20180308  728356  64 S16  15
20180308  728356  65 S15  14
20180308  728356  67 S24  12
20180308  728356  68 S23  11
20180308  728356  69 S22  10
20180308  728356  70 S21   9
20180308  728356  74 S27   6
20180308  728356 nan nan  29
20180308  728356 nan nan  22
20180308  728428  14  N4  35
20180308  728428  15  N3  34
20180308  728428  21 N10  41
20180309  728689 nan nan  12
20180309  728690  80 S30   2
20180309  728690  81 S29   1
20180309  728690 nan nan  62
20180309  728690 nan nan  59
20180309  728690 nan nan  58
20180309  728702  12  N6  37
20180309  728702  13  N5  36
20180309  728702  14  N4  35
20180309  728702  15  N3  34
20180309  728702  16  N2  33
20180309  728702  18 N13  44
20180309  728702  19 N12  43
20180309  728702  20 N11  42
20180309  728702  21 N10  41
20180309  728702  22  N9  40
20180309  728702  25 N18  49
20180309  728702  26 N17  48
20180309  728702  27 N16  47
20180309  728702  28 N15  46
20180309  728702  31 N23  54
20180309  728702  32 N22  53
20180309  728702  33 N21  52
20180309  728702  49  S6  30
20180309  728702  50  S5  29
20180309  728702  51  S4  28
20180309  728702  52  S3  27
20180309  728702  53  S2  26
20180309  728702  55 S13  24
20180309  728702  56 S12  23
20180309  728702  57 S11  22
20180309  728702  58 S10  21
20180309  728702  59  S9  20
20180309  728702  61 S19  18
20180309  728702  62 S18  17
20180309  728702  63 S17  16
20180309  728702  64 S16  15
20180309  728702  65 S15  14
20180309  728702  67 S24  12
20180309  728702  68 S23  11
20180309  728702  69 S22  10
20180309  728702  70 S21   9
20180309  728702  74 S27   6
20180309  728774  14  N4  35
20180309  728774  15  N3  34
20180309  728774  21 N10  41
20180310  729051  80 S30   2
20180310  729051 nan nan   1
20180310  729051 nan nan  62
20180310  729051 nan nan  59
20180310  729063  12  N6  37
20180310  729063  13  N5  36
20180310  729063  14  N4  35
20180310  729063  15  N3  34
20180310  729063  18 N13  44
20180310  729063  19 N12  43
20180310  729063  20 N11  42
20180310  729063  21 N10  41
20180310  729063  25 N18  49
20180310  729063  26 N17  48
20180310  729063  27 N16  47
20180310  729063  49  S6  30
20180310  729063  51  S4  28
20180310  729063  52  S3  27
20180310  729063  55 S13  24
20180310  729063  56 S12  23
20180310  729063  58 S10  21
20180310  729063  59  S9  20
20180310  729063  61 S19  18
20180310  729063  62 S18  17
20180310  729063  63 S17  16
20180310  729063  64 S16  15
20180310  729063  65 S15  14
20180310  729063  67 S24  12
20180310  729063  68 S23  11
20180310  729063  69 S22  10
20180310  729063  70 S21   9
20180310  729063 nan nan  22
20180310  729063 nan nan  29
20180310  729063  74 S27   6
20180310  729135  14  N4  35
20180310  729135  15  N3  34
20180311  729389  48  S7  31
20180311  729389 nan nan  38
20180311  729389 nan nan  30
20180313  730116  64 S16  15
20180313  730116 nan nan  21
20180313  730116 nan nan  28
20180313  730263  63 S17  16
20180313  730263 nan nan  22
20180314  730431  12  N6  37
20180314  730431  13  N5  36
20180314  730431  18 N13  44
20180314  730431  19 N12  43
20180314  730431  49  S6  30
20180314  730445  17  N1  32
20180314  730445  54  S1  25
20180314  730464  55 S13  24
20180314  730464  56 S12  23
20180314  730464  61 S19  18
20180314  730464  62 S18  17
20180314  730465  56 S12  23
20180314  730465  62 S18  17
20180314  730562  37 N27  58
20180314  730562  38 N26  57
20180314  730562  43 N30  61
20180314  730562  44 N29  60
20180314  730562 nan nan  53
20180315  730761  18 N13  44
20180315  730761  24 N19  50
20180315  730761 nan nan  43
20180315  730770  12  N6  37
20180315  730770  13  N5  36
20180315  730770  18 N13  44
20180315  730770  19 N12  43
20180315  730770  49  S6  30
20180316  731169  70 S21   9
20180316  731169  75 S26   5
20180316  731169  80 S30   2
20180316  731169  81 S29   1
20180316  731169 nan nan   4
20180316  731170  25 N18  49
20180316  731170  31 N23  54
20180316  731170  36 N28  59
20180316  731170  37 N27  58
20180316  731170  75 S26   5
20180316  731170  76 S25   4
20180316  731170  80 S30   2
20180316  731170  81 S29   1
20180316  731170 nan nan   9
20180316  731243  37 N27  58
20180316  731243  38 N26  57
20180316  731243  43 N30  61
20180316  731243  44 N29  60
20180316  731243 nan nan  53
20180316  731243 nan nan  10
20180316  731244  76 S25   4
20180316  731244 nan nan   8
20180316  731245  76 S25   4
20180316  731245 nan nan   8
20180317  731407  12  N6  37
20180317  731407  13  N5  36
20180317  731407  14  N4  35
20180317  731407  15  N3  34
20180317  731407  16  N2  33
20180317  731407  18 N13  44
20180317  731407  19 N12  43
20180317  731407  20 N11  42
20180317  731407  21 N10  41
20180317  731407  22  N9  40
20180317  731407  24 N19  50
20180317  731407  25 N18  49
20180317  731407  26 N17  48
20180317  731407  27 N16  47
20180317  731407  28 N15  46
20180317  731407  30 N24  55
20180317  731407  31 N23  54
20180317  731407  32 N22  53
20180317  731407  33 N21  52
20180317  731407  49  S6  30
20180317  731407  50  S5  29
20180317  731407  51  S4  28
20180317  731407  52  S3  27
20180317  731407  53  S2  26
20180317  731407  55 S13  24
20180317  731407  56 S12  23
20180317  731407  57 S11  22
20180317  731407  58 S10  21
20180317  731407  59  S9  20
20180317  731407  62 S18  17
20180317  731407  63 S17  16
20180317  731407  64 S16  15
20180317  731407  68 S23  11
20180317  731407  69 S22  10
20180317  731464  79 S31   3
20180317  731465  21 N10  41
20180317  731465  22  N9  40
20180317  731465  27 N16  47
20180317  731465  28 N15  46
20180317  731466  21 N10  41
20180317  731466  22  N9  40
20180317  731466  27 N16  47
20180317  731466  28 N15  46
20180317  731466  50  S5  29
20180317  731466  51  S4  28
20180317  731466  57 S11  22
20180317  731466  58 S10  21
20180317  731511  25 N18  49
20180317  731511  31 N23  54
20180317  731511 nan nan  55
20180317  731511 nan nan  59
20180317  731581  16  N2  33
20180317  731581  22  N9  40
20180317  731581  23  N8  39
20180317  731582  16  N2  33
20180317  731582  22  N9  40
20180317  731582  23  N8  39
20180318  731811  79 S31   3
20180318  731811 nan nan  62
20180318  731827  56 S12  23
20180318  731827  62 S18  17
20180318  731926  74 S27   6
20180318  731926  79 S31   3
20180318  731926  80 S30   2
20180318  731926 nan nan  10
20180318  731927  74 S27   6
20180318  731927  79 S31   3
20180318  731927  80 S30   2
20180318  731927 nan nan  10
20180318  731970  26 N17  48
20180318  731970  27 N16  47
20180318  731970  32 N22  53
20180318  731994  37 N27  58
20180318  731994  43 N30  61
20180318  731994 nan nan  53
20180318  732015 nan nan  13
20180406  733328  52  S3  27
20180406  733328  58 S10  21
20180406  733328  59  S9  20
20180406  733336  36 N28  59
20180406  733337  79 S31   3
20180406  733337 nan nan  57
20180406  733379  80 S30   2
20180406  733379 nan nan   1
20180406  733379 nan nan  59
20180406  733379 nan nan  62
20180406  733391  12  N6  37
20180406  733391  13  N5  36
20180406  733391  14  N4  35
20180406  733391  15  N3  34
20180406  733391  18 N13  44
20180406  733391  19 N12  43
20180406  733391  20 N11  42
20180406  733391  21 N10  41
20180406  733391  25 N18  49
20180406  733391  26 N17  48
20180406  733391  27 N16  47
20180406  733391  49  S6  30
20180406  733391  51  S4  28
20180406  733391  52  S3  27
20180406  733391  55 S13  24
20180406  733391  56 S12  23
20180406  733391  58 S10  21
20180406  733391  59  S9  20
20180406  733391  61 S19  18
20180406  733391  62 S18  17
20180406  733391  63 S17  16
20180406  733391  64 S16  15
20180406  733391  65 S15  14
20180406  733391  67 S24  12
20180406  733391  68 S23  11
20180406  733391  69 S22  10
20180406  733391  70 S21   9
20180406  733391  74 S27   6
20180406  733391 nan nan  29
20180406  733391 nan nan  22
20180406  733450  73 S28   7
20180406  733451  80 S30   2
20180406  733451  81 S29   1
20180406  733451 nan nan  59
20180406  733451 nan nan  62
20180406  733535  14  N4  35
20180406  733535  15  N3  34
20180406  733535  21 N10  41
20180411  734589  73 S28   7
20180411  734589 nan nan  12
20180411  734589 nan nan  51
20180411  734589 nan nan  52
20180411  734589 nan nan  46
20180411  734690  64 S16  15
20180411  734690  70 S21   9
20180411  734691  37 N27  58
20180411  734691  42 N31  62
20180411  734691 nan nan   2
20180411  734691 nan nan   1
20180411  734705  13  N5  36
20180411  734705  50  S5  29
20180412  735028  79 S31   3
20180412  735028  80 S30   2
20180413  735239  14  N4  35
20180413  735239  15  N3  34
20180413  735299  80 S30   2
20180413  735299 nan nan   1
20180413  735299 nan nan  59
20180413  735299 nan nan  62
20180413  735311  12  N6  37
20180413  735311  13  N5  36
20180413  735311  14  N4  35
20180413  735311  15  N3  34
20180413  735311  18 N13  44
20180413  735311  19 N12  43
20180413  735311  20 N11  42
20180413  735311  21 N10  41
20180413  735311  25 N18  49
20180413  735311  26 N17  48
20180413  735311  27 N16  47
20180413  735311  49  S6  30
20180413  735311  51  S4  28
20180413  735311  52  S3  27
20180413  735311  55 S13  24
20180413  735311  56 S12  23
20180413  735311  58 S10  21
20180413  735311  59  S9  20
20180413  735311  61 S19  18
20180413  735311  62 S18  17
20180413  735311  63 S17  16
20180413  735311  64 S16  15
20180413  735311  65 S15  14
20180413  735311  67 S24  12
20180413  735311  68 S23  11
20180413  735311  69 S22  10
20180413  735311  70 S21   9
20180413  735311  74 S27   6
20180413  735370 nan nan  12
20180413  735371  80 S30   2
20180413  735371  81 S29   1
20180413  735371 nan nan  59
20180413  735371 nan nan  62
20180413  735383  12  N6  37
20180413  735383  13  N5  36
20180413  735383  14  N4  35
20180413  735383  15  N3  34
20180413  735383  16  N2  33
20180413  735383  18 N13  44
20180413  735383  19 N12  43
20180413  735383  20 N11  42
20180413  735383  21 N10  41
20180413  735383  22  N9  40
20180413  735383  25 N18  49
20180413  735383  26 N17  48
20180413  735383  27 N16  47
20180413  735383  28 N15  46
20180413  735383  31 N23  54
20180413  735383  32 N22  53
20180413  735383  33 N21  52
20180413  735383  49  S6  30
20180413  735383  50  S5  29
20180413  735383  51  S4  28
20180413  735383  52  S3  27
20180413  735383  53  S2  26
20180413  735383  55 S13  24
20180413  735383  56 S12  23
20180413  735383  57 S11  22
20180413  735383  58 S10  21
20180413  735383  59  S9  20
20180413  735383  61 S19  18
20180413  735383  62 S18  17
20180413  735383  63 S17  16
20180413  735383  64 S16  15
20180413  735383  65 S15  14
20180413  735383  67 S24  12
20180413  735383  68 S23  11
20180413  735383  69 S22  10
20180413  735383  70 S21   9
20180413  735383  74 S27   6
20180413  735440  52  S3  27
20180413  735538  50  S5  29
20180413  735538  56 S12  23
20180413  735538  57 S11  22
20180413  735548  18 N13  44
20180413  735566  44 N29  60
20180413  735587  81 S29   1
20180413  735587 nan nan  59
20180413  735587 nan nan  62
20180417  736811  16  N2  33
20180417  736811  22  N9  40
20180417  736811  23  N8  39
20180417  736835  81 S29   1
20180417  736835 nan nan  59
20180417  736835 nan nan  62
20180424  738670  14  N4  35
20180424  738670  15  N3  34
20180424  738670  21 N10  41
20180424  738816  14  N4  35
20180424  738816  15  N3  34
20180426  739467  12  N6  37
20180426  739467  13  N5  36
20180426  739467  14  N4  35
20180426  739467  15  N3  34
20180426  739467  16  N2  33
20180426  739467  19 N12  43
20180426  739467  20 N11  42
20180426  739467  21 N10  41
20180426  739467  22  N9  40
20180426  739467  25 N18  49
20180426  739467  26 N17  48
20180426  739467  27 N16  47
20180426  739467  28 N15  46
20180426  739467  31 N23  54
20180426  739467  32 N22  53
20180426  739467  33 N21  52
20180426  739467  49  S6  30
20180426  739467  50  S5  29
20180426  739467  51  S4  28
20180426  739467  52  S3  27
20180426  739467  53  S2  26
20180426  739467  56 S12  23
20180426  739467  57 S11  22
20180426  739467  58 S10  21
20180426  739467  59  S9  20
20180426  739467  62 S18  17
20180426  739467  63 S17  16
20180426  739467  64 S16  15
20180426  739467  65 S15  14
20180426  739467  68 S23  11
20180426  739467  69 S22  10
20180426  739467  70 S21   9
20180426  739468  12  N6  37
20180426  739468  13  N5  36
20180426  739468  15  N3  34
20180426  739468  16  N2  33
20180426  739468  19 N12  43
20180426  739468  20 N11  42
20180426  739468  21 N10  41
20180426  739468  22  N9  40
20180426  739468  25 N18  49
20180426  739468  26 N17  48
20180426  739468  27 N16  47
20180426  739468  28 N15  46
20180426  739468  31 N23  54
20180426  739468  32 N22  53
20180426  739468  33 N21  52
20180426  739468  37 N27  58
20180426  739468  38 N26  57
20180426  739468  49  S6  30
20180426  739468  50  S5  29
20180426  739468  51  S4  28
20180426  739468  52  S3  27
20180426  739468  53  S2  26
20180426  739468  56 S12  23
20180426  739468  57 S11  22
20180426  739468  58 S10  21
20180426  739468  59  S9  20
20180426  739468  62 S18  17
20180426  739468  63 S17  16
20180426  739468  64 S16  15
20180426  739468  65 S15  14
20180426  739468  68 S23  11
20180426  739468  69 S22  10
20180426  739468  70 S21   9
20180426  739468  74 S27   6
20180426  739468  75 S26   5
20180426  739468  80 S30   2
20180426  739468 nan nan  35
20180426  739469  12  N6  37
20180426  739469  13  N5  36
20180426  739469  14  N4  35
20180426  739469  15  N3  34
20180426  739469  16  N2  33
20180426  739469  19 N12  43
20180426  739469  20 N11  42
20180426  739469  21 N10  41
20180426  739469  22  N9  40
20180426  739469  25 N18  49
20180426  739469  26 N17  48
20180426  739469  27 N16  47
20180426  739469  28 N15  46
20180426  739469  31 N23  54
20180426  739469  32 N22  53
20180426  739469  33 N21  52
20180426  739469  49  S6  30
20180426  739469  50  S5  29
20180426  739469  51  S4  28
20180426  739469  52  S3  27
20180426  739469  53  S2  26
20180426  739469  56 S12  23
20180426  739469  57 S11  22
20180426  739469  58 S10  21
20180426  739469  59  S9  20
20180426  739469  62 S18  17
20180426  739469  63 S17  16
20180426  739469  64 S16  15
20180426  739469  65 S15  14
20180426  739469  68 S23  11
20180426  739469  69 S22  10
20180426  739469  70 S21   9
20180426  739470  12  N6  37
20180426  739470  13  N5  36
20180426  739470  14  N4  35
20180426  739470  15  N3  34
20180426  739470  16  N2  33
20180426  739470  19 N12  43
20180426  739470  20 N11  42
20180426  739470  21 N10  41
20180426  739470  22  N9  40
20180426  739470  25 N18  49
20180426  739470  26 N17  48
20180426  739470  27 N16  47
20180426  739470  28 N15  46
20180426  739470  30 N24  55
20180426  739470  31 N23  54
20180426  739470  32 N22  53
20180426  739470  33 N21  52
20180426  739470  36 N28  59
20180426  739470  37 N27  58
20180426  739470  49  S6  30
20180426  739470  50  S5  29
20180426  739470  51  S4  28
20180426  739470  52  S3  27
20180426  739470  53  S2  26
20180426  739470  56 S12  23
20180426  739470  57 S11  22
20180426  739470  58 S10  21
20180426  739470  59  S9  20
20180426  739470  62 S18  17
20180426  739470  63 S17  16
20180426  739470  64 S16  15
20180426  739470  65 S15  14
20180426  739470  68 S23  11
20180426  739470  69 S22  10
20180426  739470  70 S21   9
20180426  739471  11  N7  38
20180426  739471  12  N6  37
20180426  739471  13  N5  36
20180426  739471  14  N4  35
20180426  739471  15  N3  34
20180426  739471  16  N2  33
20180426  739471  18 N13  44
20180426  739471  19 N12  43
20180426  739471  20 N11  42
20180426  739471  21 N10  41
20180426  739471  22  N9  40
20180426  739471  24 N19  50
20180426  739471  25 N18  49
20180426  739471  26 N17  48
20180426  739471  27 N16  47
20180426  739471  28 N15  46
20180426  739471  31 N23  54
20180426  739471  32 N22  53
20180426  739471  33 N21  52
20180426  739471  48  S7  31
20180426  739471  49  S6  30
20180426  739471  50  S5  29
20180426  739471  51  S4  28
20180426  739471  52  S3  27
20180426  739471  53  S2  26
20180426  739471  55 S13  24
20180426  739471  56 S12  23
20180426  739471  57 S11  22
20180426  739471  58 S10  21
20180426  739471  59  S9  20
20180426  739471  62 S18  17
20180426  739471  63 S17  16
20180426  739471  64 S16  15
20180426  739471  65 S15  14
20180426  739471  68 S23  11
20180426  739471  69 S22  10
20180426  739471  70 S21   9
20180426  739472  15  N3  34
20180426  739472  21 N10  41
20180426  739586  12  N6  37
20180426  739586  13  N5  36
20180426  739586  14  N4  35
20180426  739586  15  N3  34
20180426  739586  16  N2  33
20180426  739586  18 N13  44
20180426  739586  19 N12  43
20180426  739586  20 N11  42
20180426  739586  21 N10  41
20180426  739586  22  N9  40
20180426  739586  25 N18  49
20180426  739586  26 N17  48
20180426  739586  27 N16  47
20180426  739586  28 N15  46
20180426  739586  31 N23  54
20180426  739586  32 N22  53
20180426  739586  33 N21  52
20180426  739586  49  S6  30
20180426  739586  50  S5  29
20180426  739586  51  S4  28
20180426  739586  52  S3  27
20180426  739586  53  S2  26
20180426  739586  55 S13  24
20180426  739586  56 S12  23
20180426  739586  57 S11  22
20180426  739586  58 S10  21
20180426  739586  59  S9  20
20180426  739586  62 S18  17
20180426  739586  63 S17  16
20180426  739586  64 S16  15
20180426  739586  65 S15  14
20180426  739586  68 S23  11
20180426  739586  69 S22  10
20180426  739586  70 S21   9
20180426  739587  12  N6  37
20180426  739587  13  N5  36
20180426  739587  14  N4  35
20180426  739587  15  N3  34
20180426  739587  16  N2  33
20180426  739587  19 N12  43
20180426  739587  20 N11  42
20180426  739587  21 N10  41
20180426  739587  22  N9  40
20180426  739587  25 N18  49
20180426  739587  26 N17  48
20180426  739587  27 N16  47
20180426  739587  28 N15  46
20180426  739587  31 N23  54
20180426  739587  32 N22  53
20180426  739587  33 N21  52
20180426  739587  34 N20  51
20180426  739587  36 N28  59
20180426  739587  37 N27  58
20180426  739587  38 N26  57
20180426  739587  39 N25  56
20180426  739587  43 N30  61
20180426  739587  49  S6  30
20180426  739587  50  S5  29
20180426  739587  51  S4  28
20180426  739587  52  S3  27
20180426  739587  53  S2  26
20180426  739587  56 S12  23
20180426  739587  57 S11  22
20180426  739587  58 S10  21
20180426  739587  59  S9  20
20180426  739587  62 S18  17
20180426  739587  63 S17  16
20180426  739587  64 S16  15
20180426  739587  65 S15  14
20180426  739587  68 S23  11
20180426  739587  69 S22  10
20180426  739587  70 S21   9
20180426  739588  12  N6  37
20180426  739588  13  N5  36
20180426  739588  14  N4  35
20180426  739588  15  N3  34
20180426  739588  16  N2  33
20180426  739588  19 N12  43
20180426  739588  20 N11  42
20180426  739588  21 N10  41
20180426  739588  22  N9  40
20180426  739588  23  N8  39
20180426  739588  25 N18  49
20180426  739588  26 N17  48
20180426  739588  27 N16  47
20180426  739588  28 N15  46
20180426  739588  31 N23  54
20180426  739588  32 N22  53
20180426  739588  33 N21  52
20180426  739588  49  S6  30
20180426  739588  50  S5  29
20180426  739588  51  S4  28
20180426  739588  52  S3  27
20180426  739588  53  S2  26
20180426  739588  56 S12  23
20180426  739588  57 S11  22
20180426  739588  58 S10  21
20180426  739588  59  S9  20
20180426  739588  60  S8  19
20180426  739588  62 S18  17
20180426  739588  63 S17  16
20180426  739588  64 S16  15
20180426  739588  65 S15  14
20180426  739588  66 S14  13
20180426  739588  68 S23  11
20180426  739588  69 S22  10
20180426  739588  70 S21   9
20180426  739588  71 S20   8
20180426  739588  74 S27   6
20180426  739588  75 S26   5
20180426  739589  12  N6  37
20180426  739589  13  N5  36
20180426  739589  14  N4  35
20180426  739589  15  N3  34
20180426  739589  16  N2  33
20180426  739589  19 N12  43
20180426  739589  20 N11  42
20180426  739589  21 N10  41
20180426  739589  22  N9  40
20180426  739589  25 N18  49
20180426  739589  26 N17  48
20180426  739589  27 N16  47
20180426  739589  28 N15  46
20180426  739589  31 N23  54
20180426  739589  32 N22  53
20180426  739589  33 N21  52
20180426  739589  49  S6  30
20180426  739589  50  S5  29
20180426  739589  51  S4  28
20180426  739589  52  S3  27
20180426  739589  53  S2  26
20180426  739589  55 S13  24
20180426  739589  56 S12  23
20180426  739589  57 S11  22
20180426  739589  58 S10  21
20180426  739589  59  S9  20
20180426  739589  61 S19  18
20180426  739589  62 S18  17
20180426  739589  63 S17  16
20180426  739589  64 S16  15
20180426  739589  65 S15  14
20180426  739589  67 S24  12
20180426  739589  68 S23  11
20180426  739589  69 S22  10
20180426  739589  70 S21   9
20180426  739589  73 S28   7
20180426  739589  74 S27   6
20180426  739589  75 S26   5
20180426  739589  79 S31   3
20180426  739589  80 S30   2
20180426  739590  11  N7  38
20180426  739590  12  N6  37
20180426  739590  13  N5  36
20180426  739590  14  N4  35
20180426  739590  15  N3  34
20180426  739590  18 N13  44
20180426  739590  19 N12  43
20180426  739590  20 N11  42
20180426  739590  21 N10  41
20180426  739590  22  N9  40
20180426  739590  24 N19  50
20180426  739590  25 N18  49
20180426  739590  26 N17  48
20180426  739590  48  S7  31
20180426  739590  49  S6  30
20180426  739590  51  S4  28
20180426  739590  52  S3  27
20180426  739590  55 S13  24
20180426  739590  57 S11  22
20180426  739590  58 S10  21
20180426  739590  61 S19  18
20180426  739590  62 S18  17
20180426  739590  63 S17  16
20180426  739590  64 S16  15
20180426  739590  67 S24  12
20180426  739590  68 S23  11
20180426  739590  69 S22  10
20180426  739590  73 S28   7
20180426  739590  74 S27   6
20180426  739591  11  N7  38
20180426  739591  12  N6  37
20180426  739591  13  N5  36
20180426  739591  14  N4  35
20180426  739591  15  N3  34
20180426  739591  16  N2  33
20180426  739591  18 N13  44
20180426  739591  19 N12  43
20180426  739591  20 N11  42
20180426  739591  21 N10  41
20180426  739591  22  N9  40
20180426  739591  24 N19  50
20180426  739591  25 N18  49
20180426  739591  26 N17  48
20180426  739591  27 N16  47
20180426  739591  28 N15  46
20180426  739591  30 N24  55
20180426  739591  31 N23  54
20180426  739591  32 N22  53
20180426  739591  33 N21  52
20180426  739591  48  S7  31
20180426  739591  49  S6  30
20180426  739591  50  S5  29
20180426  739591  51  S4  28
20180426  739591  52  S3  27
20180426  739591  53  S2  26
20180426  739591  55 S13  24
20180426  739591  56 S12  23
20180426  739591  57 S11  22
20180426  739591  58 S10  21
20180426  739591  59  S9  20
20180426  739591  61 S19  18
20180426  739591  62 S18  17
20180426  739591  63 S17  16
20180426  739591  64 S16  15
20180426  739591  65 S15  14
20180426  739591  67 S24  12
20180426  739591  68 S23  11
20180426  739591  69 S22  10
20180426  739591  70 S21   9
20180427  739846  22  N9  40
20180427  739846  28 N15  46
20180427  739847  52  S3  27
20180427  739847  58 S10  21
20180427  739848  65 S15  14
20180427  739848  66 S14  13
20180427  739849  53  S2  26
20180427  739849  54  S1  25
20180427  739849  60  S8  19
20180427  739850  16  N2  33
20180427  739850  17  N1  32
20180427  739850  54  S1  25
20180502  741537  14  N4  35
20180502  741537  15  N3  34
20180502  741628  14  N4  35
20180502  741628  15  N3  34
20180502  741628  21 N10  41
20180507  743669  80 S30   2
20180507  743669 nan nan   1
20180507  743669 nan nan  59
20180507  743669 nan nan  62
20180507  743681  12  N6  37
20180507  743681  13  N5  36
20180507  743681  14  N4  35
20180507  743681  15  N3  34
20180507  743681  18 N13  44
20180507  743681  19 N12  43
20180507  743681  20 N11  42
20180507  743681  21 N10  41
20180507  743681  25 N18  49
20180507  743681  26 N17  48
20180507  743681  27 N16  47
20180507  743681  49  S6  30
20180507  743681  51  S4  28
20180507  743681  52  S3  27
20180507  743681  55 S13  24
20180507  743681  56 S12  23
20180507  743681  58 S10  21
20180507  743681  59  S9  20
20180507  743681  61 S19  18
20180507  743681  62 S18  17
20180507  743681  63 S17  16
20180507  743681  64 S16  15
20180507  743681  65 S15  14
20180507  743681  67 S24  12
20180507  743681  68 S23  11
20180507  743681  69 S22  10
20180507  743681  70 S21   9
20180507  743681  74 S27   6
20180507  743681 nan nan  22
20180507  743681 nan nan  29
20180507  743740 nan nan  12
20180509  744633  36 N28  59
20180509  744634  36 N28  59
20180511  745401  36 N28  59
20180511  745401  37 N27  58
20180511  745401  42 N31  62
20180512  745709  42 N31  62
20180512  745709 nan nan  59
20180512  745709 nan nan  54
20180512  745756  12  N6  37
20180512  745756  13  N5  36
20180512  745756  49  S6  30
20180512  745756  50  S5  29
20180512  745756  56 S12  23
20180512  745757  81 S29   1
20180512  745757 nan nan   4
20180512  745757 nan nan  59
20180512  745757 nan nan  62
20180512  745773  63 S17  16
20180512  745773 nan nan  22
20180514  746398  12  N6  37
20180514  746398  13  N5  36
20180514  746398  14  N4  35
20180514  746398  15  N3  34
20180514  746398  21 N10  41
20180514  746398  22  N9  40
20180514  746398  49  S6  30
20180514  746398  50  S5  29
20180514  746398  51  S4  28
20180514  746398  52  S3  27
20180514  746398  56 S12  23
20180514  746425  13  N5  36
20180514  746425  14  N4  35
20180514  746425  20 N11  42
20180515  746692  11  N7  38
20180515  746692  12  N6  37
20180515  746692  15  N3  34
20180515  746692  16  N2  33
20180515  746692  22  N9  40
20180515  746692  48  S7  31
20180515  746692  49  S6  30
20180515  746692  52  S3  27
20180515  746692  53  S2  26
20180515  746692  55 S13  24
20180515  746726  55 S13  24
20180515  746726  56 S12  23
20180515  746726  61 S19  18
20180515  746726  62 S18  17
20180515  746742  18 N13  44
20180515  746742  19 N12  43
20180515  746754  24 N19  50
20180515  746754 nan nan  44
20180515  746754 nan nan  43
20180515  746757  44 N29  60
20180515  746757 nan nan   7
20180515  746757 nan nan   6
20180516  747064  28 N15  46
20180516  747064  29 N14  45
20180516  747064  34 N20  51
20180516  747115  55 S13  24
20180516  747115  56 S12  23
20180516  747115  61 S19  18
20180516  747115  62 S18  17
20180517  747479  55 S13  24
20180517  747479  61 S19  18
20180517  747479 nan nan  23
20180517  747490  44 N29  60
20180517  747490 nan nan   7
20180517  747490 nan nan   3
20180518  747788  69 S22  10
20180518  747788  74 S27   6
20180518  747788  75 S26   5
20180519  748551  75 S26   5
20180519  748551  80 S30   2
20180520  749008  25 N18  49
20180520  749009  25 N18  49
20180520  749344  33 N21  52
20180520  749344  38 N26  57
20180521  749602  75 S26   5
20180521  749602  80 S30   2
20180521  749602 nan nan   1
20180521  749602 nan nan  10
20180521  749602 nan nan   9
20180521  749603  75 S26   5
20180521  749603  80 S30   2
20180521  749603 nan nan   1
20180521  749603 nan nan  10
20180521  749603 nan nan   9
20180521  749604  75 S26   5
20180521  749604  80 S30   2
20180521  749604 nan nan   1
20180521  749604 nan nan  10
20180521  749604 nan nan   9
20180521  749605  75 S26   5
20180521  749605  80 S30   2
20180521  749605 nan nan   1
20180521  749605 nan nan  10
20180521  749605 nan nan   9
20180521  749606  75 S26   5
20180521  749606  80 S30   2
20180521  749606 nan nan   1
20180521  749606 nan nan  10
20180521  749606 nan nan   9
20180521  749607  75 S26   5
20180521  749607  80 S30   2
20180521  749607 nan nan   1
20180521  749607 nan nan  10
20180521  749607 nan nan   9
20180521  749608  75 S26   5
20180521  749608  80 S30   2
20180521  749608 nan nan   1
20180521  749609  75 S26   5
20180521  749609  80 S30   2
20180521  749609 nan nan   1
20180521  749610  75 S26   5
20180521  749610  80 S30   2
20180521  749610 nan nan   1
20180521  749627  80 S30   2
20180521  749627 nan nan  59
20180521  749627 nan nan  62
20180521  749659  18 N13  44
20180521  749659  19 N12  43
20180521  749659  24 N19  50
20180521  749689  16  N2  33
20180521  749689  53  S2  26
20180521  749690  16  N2  33
20180521  749690  53  S2  26
20180521  749696  16  N2  33
20180521  749696  53  S2  26
20180521  749697  16  N2  33
20180521  749697  53  S2  26
20180521  749700  16  N2  33
20180521  749700  53  S2  26
20180521  749701  16  N2  33
20180521  749701  53  S2  26
20180521  749704  16  N2  33
20180521  749704  53  S2  26
20180521  749705  16  N2  33
20180521  749705  53  S2  26
20180618  754068  57 S11  22
20180618  754068 nan nan  28
20180618  754133  14  N4  35
20180618  754133  15  N3  34
20180618  754133  21 N10  41
20180618  754133  22  N9  40
20180618  754133  27 N16  47
20180714  755656  80 S30   2
20180714  755656 nan nan   1
20180714  755656 nan nan  59
20180714  755656 nan nan  62
20180714  755658  80 S30   2
20180714  755658 nan nan   1
20180714  755658 nan nan   5
20180714  755658 nan nan  62
20180720  756911  69 S22  10
20180720  756911  74 S27   6
20180720  756911  75 S26   5
20180720  756955  38 N26  57
20180720  756955  43 N30  61
20180720  756955  44 N29  60
20180720  756957  65 S15  14
20180720  756957  71 S20   8
20180720  756957  76 S25   4
20180720  757000  36 N28  59
20180720  757001  36 N28  59
20180720  757003  23  N8  39
20180721  757351  12  N6  37
20180723  758255  50  S5  29
20180723  758255  51  S4  28
20180723  758255  57 S11  22
20180723  758280  75 S26   5
20180723  758281  27 N16  47
20180723  758281  32 N22  53
20180723  758281  33 N21  52
20180723  758281  38 N26  57
20180723  758281  39 N25  56
20180723  758281  44 N29  60
20180725  759168  21 N10  41
20180725  759168  22  N9  40
20180725  759168  27 N16  47
20180725  759168  28 N15  46
20180729  759915  16  N2  33
20180729  759915  53  S2  26
20180729  759920  80 S30   2
20180801  760979  37 N27  58
20180801  760983  32 N22  53
20180801  760983  37 N27  58
20180801  760983  38 N26  57
20180801  760983  43 N30  61
20180801  760984  37 N27  58
20180801  760984  38 N26  57
20180801  760984  43 N30  61
# DECADE Addition
20171228  708007  14  N4  35
20171228  708007  51  S4  28
20171228  708008  57 S11  22
20171228  708008  63 S17  16
20171228  708009  13  N5  36
20171228  708011  15  N3  34
20171228  708011  21 N10  41
20171228  708012  52  S3  27
20171230  708637  54  S1  25
20180720  757023  57 S11  22
20180720  757023  62 S18  17
20180720  757023  63 S17  16
20180127  716703 nan nan  25
20180211  720529 nan nan   7
20180212  720884 nan nan   1
20180220  723856 nan nan  58
20180222  724522 nan nan   8
20180313  730181 nan nan   3
20180314  730449 nan nan  62
20180314  730460 nan nan  40
20180515  746704 nan nan  19
20171110  695051 nan nan   4
20171110  695051 nan nan   5
20171110  695051 nan nan  46
20171110  695051 nan nan  62
20171111  695447 nan nan  25
20171111  695447 nan nan  32
20171111  695449 nan nan  48
20171111  695449 nan nan  53
20171111  695451 nan nan  62
20180314  730463 nan nan  60
20180314  730463 nan nan  57
20180218  723075 nan nan  26
20180218  723075 nan nan  27
20180218  723075 nan nan  29
20180218  723075 nan nan  30
20180218  723075 nan nan  33
20180218  723075 nan nan  34
20180218  723075 nan nan  36
20180218  723075 nan nan  37
20180218  723075 nan nan  40
20180218  723075 nan nan  41
20180218  723075 nan nan  42
20180218  723075 nan nan  43
20180218  723075 nan nan  46
20180218  723075 nan nan  47
20180218  723075 nan nan  48
20180218  723075 nan nan  49
20180218  723075 nan nan  52
20180218  723075 nan nan  53
20180218  723075 nan nan  54
20180218  723075 nan nan  56
20180218  723075 nan nan  57
20180218  723075 nan nan  58
20180218  723075 nan nan  59
20180218  723075 nan nan  60
20180712  754924 nan nan  29
20180712  754924 nan nan  30
20180712  754924 nan nan  51
20180712  754924 nan nan  59
20180712  754924 nan nan  62
20180724  758880 nan nan  53
20170915  678011 nan nan  34          
20170907  675506 nan nan  1
20170907  675506 nan nan  2
20170907  675524 nan nan  53
20170913  677278 nan nan  28
20170913  677278 nan nan  29
20170913  677278 nan nan  35
20170913  677278 nan nan  36
20170917  678759 nan nan  1
20170917  678759 nan nan  2
20170917  678760 nan nan  1
20170917  678760 nan nan  2
20170917  678985 nan nan  10
20170917  678985 nan nan  16
20170923  680896 nan nan  28
20170924  681275 nan nan  39
20170924  681275 nan nan  45
20170925  681466 nan nan  8
20170925  681466 nan nan  13
20170925  681466 nan nan  14
20171006  687881 nan nan  7
20171006  687881 nan nan  11
20171006  687881 nan nan  12
20171006  687883 nan nan  7
20171006  687883 nan nan  11
20171006  687883 nan nan  12
20171006  687884 nan nan  34
20171018  688460 nan nan  36
20171018  688488 nan nan  48
20171018  688488 nan nan  49
20171018  688488 nan nan  54
20171021  689635 nan nan  13
20171021  689635 nan nan  19
20171021  689635 nan nan  44
20171021  689635 nan nan  50
20171023  690238 nan nan  1
20171023  690238 nan nan  2
20171023  690238 nan nan  5
20171025  690800 nan nan  53
20171025  690800 nan nan  57
20171025  690800 nan nan  58
20171026  691233 nan nan  62
20171107  693918 nan nan  11
20171107  693918 nan nan  59
20171108  694142 nan nan  19
20171108  694142 nan nan  25
20171108  694183 nan nan  16
20171108  694183 nan nan  26
20171108  694184 nan nan  16
20171108  694184 nan nan  26
20171109  694537 nan nan  49
20171210  703925 nan nan  25
20180114  712263 nan nan  35
20180206  718607 nan nan  49
20180206  718607 nan nan  50
20180206  718607 nan nan  55
20180206  718643 nan nan  37
20180206  718643 nan nan  38
20180206  718644 nan nan  1
20180206  718644 nan nan  4
20180206  718644 nan nan  5
20180206  718644 nan nan  62
20180208  719254 nan nan  35
20180208  719259 nan nan  30
20180208  719259 nan nan  31
20180208  719259 nan nan  38
20180208  719261 nan nan  30
20180208  719261 nan nan  31
20180208  719261 nan nan  38
20180208  719304 nan nan  42
20180208  719312 nan nan  58
20180208  719330 nan nan  37
20180208  719330 nan nan  38
20180208  719679 nan nan  13
20180219  723354 nan nan  54
20180219  723354 nan nan  59
20180504  742588 nan nan  16
20180504  742588 nan nan  17
20180504  742588 nan nan  22
20180504  742588 nan nan  23
### DES Y5 ###
20170817  668683  26 N17  48
20170817  668683  27 N16  47
20170817  668683  32 N22  53
20170817  668683  37 N27  58
20170817  668683  38 N26  57
20170817  668683  51  S4  28
20170817  668683  57 S11  22
20170817  668683  58 S10  21
20170817  668683  63 S17  16
20170817  668683  64 S16  15
20170818  669136  73 S28   7
20170818  669136  79 S31   3
20170820  669969  73 S28   7
20170820  669969  79 S31   3
20170820  669973  30 N24  55
20170820  669973  36 N28  59
20170820  670009  14  N4  35
20170820  670009  20 N11  42
20170820  670009  21 N10  41
20170820  670010  14  N4  35
20170820  670010  20 N11  42
20170820  670010  21 N10  41
20170824  671610  11  N7  38
20170824  671610  12  N6  37
20170824  671610  13  N5  36
20170824  671610  14  N4  35
20170824  671610  15  N3  34
20170824  671610  16  N2  33
20170824  671610  18 N13  44
20170824  671610  19 N12  43
20170824  671610  20 N11  42
20170824  671610  21 N10  41
20170824  671610  22  N9  40
20170824  671610  24 N19  50
20170824  671610  25 N18  49
20170824  671610  26 N17  48
20170824  671610  27 N16  47
20170824  671610  28 N15  46
20170824  671610  30 N24  55
20170824  671610  31 N23  54
20170824  671610  32 N22  53
20170824  671610  33 N21  52
20170824  671610  36 N28  59
20170824  671610  37 N27  58
20170824  671610  38 N26  57
20170824  671610  42 N31  62
20170824  671610  43 N30  61
20170824  671610  49  S6  30
20170824  671610  50  S5  29
20170824  671610  51  S4  28
20170824  671610  52  S3  27
20170824  671610  53  S2  26
20170824  671610  56 S12  23
20170824  671610  57 S11  22
20170824  671610  58 S10  21
20170824  671610  59  S9  20
20170824  671610  62 S18  17
20170824  671610  63 S17  16
20170824  671610  64 S16  15
20170824  671610  65 S15  14
20170824  671610  68 S23  11
20170824  671610  69 S22  10
20170824  671610  70 S21   9
20170825  671992  58 S10  21
20170825  671992  59  S9  20
20170825  671992  64 S16  15
20170825  671992  65 S15  14
20170825  671993  58 S10  21
20170825  671993  59  S9  20
20170825  671993  64 S16  15
20170825  671993  65 S15  14
20170901  674303  57 S11  22
20170902  674699  27 N16  47
20170902  674699  28 N15  46
20170902  674699  32 N22  53
20170902  674699  33 N21  52
20170902  674699  73 S28   7
20170902  674699  74 S27   6
20170902  674699  79 S31   3
20170906  675260  51  S4  28
20170906  675260  52  S3  27
20170906  675260  58 S10  21
20170906  675260  64 S16  15
20170906  675276  11  N7  38
20170906  675276  48  S7  31
20170906  675276  49  S6  30
20170907  675583  20 N11  42
20170907  675583  26 N17  48
20170907  675583  31 N23  54
20170907  675583  32 N22  53
20170907  675626  27 N16  47
20170907  675626  28 N15  46
20170907  675626  32 N22  53
20170907  675626  33 N21  52
20170907  675626  73 S28   7
20170907  675626  74 S27   6
20170907  675626  79 S31   3
20170910  676343  11  N7  38
20170910  676343  12  N6  37
20170910  676343  13  N5  36
20170910  676343  14  N4  35
20170910  676343  15  N3  34
20170910  676343  16  N2  33
20170910  676343  18 N13  44
20170910  676343  19 N12  43
20170910  676343  20 N11  42
20170910  676343  21 N10  41
20170910  676343  22  N9  40
20170910  676343  24 N19  50
20170910  676343  25 N18  49
20170910  676343  26 N17  48
20170910  676343  27 N16  47
20170910  676343  28 N15  46
20170910  676343  30 N24  55
20170910  676343  31 N23  54
20170910  676343  32 N22  53
20170910  676343  33 N21  52
20170910  676343  36 N28  59
20170910  676343  37 N27  58
20170910  676343  38 N26  57
20170910  676343  42 N31  62
20170910  676343  43 N30  61
20170910  676343  48  S7  31
20170910  676343  49  S6  30
20170910  676343  50  S5  29
20170910  676343  51  S4  28
20170910  676343  52  S3  27
20170910  676343  53  S2  26
20170910  676343  55 S13  24
20170910  676343  56 S12  23
20170910  676343  57 S11  22
20170910  676343  58 S10  21
20170910  676343  59  S9  20
20170910  676343  60  S8  19
20170910  676343  62 S18  17
20170910  676343  63 S17  16
20170910  676343  64 S16  15
20170910  676343  65 S15  14
20170910  676343  68 S23  11
20170910  676343  69 S22  10
20170910  676343  70 S21   9
20170910  676343  71 S20   8
20170910  676343  74 S27   6
20170910  676343  75 S26   5
20170910  676353  39 N25  56
20170911  676694  26 N17  48
20170911  676694  27 N16  47
20170911  676694  32 N22  53
20170911  676694  51  S4  28
20170911  676694  52  S3  27
20170911  676694  57 S11  22
20170911  676694  58 S10  21
20170911  676694  63 S17  16
20170911  676694  64 S16  15
20170911  676717  13  N5  36
20170911  676717  14  N4  35
20170911  676811  14  N4  35
20170911  676811  15  N3  34
20170911  676811  20 N11  42
20170911  676811  21 N10  41
20170911  676811  50  S5  29
20170911  676811  51  S4  28
20170911  676811  52  S3  27
20170911  676811  56 S12  23
20170911  676811  57 S11  22
20170911  676811  62 S18  17
20170911  676811  63 S17  16
20170911  676821  11  N7  38
20170911  676821  12  N6  37
20170913  677226  13  N5  36
20170913  677226  14  N4  35
20170913  677227  13  N5  36
20170913  677227  14  N4  35
20170913  677287  74 S27   6
20170913  677287  75 S26   5
20170913  677287  80 S30   2
20170917  678771  20 N11  42
20170917  678771  21 N10  41
20170917  678771  26 N17  48
20170917  678771  27 N16  47
20170917  678771  32 N22  53
20170917  678772  26 N17  48
20170917  678829  74 S27   6
20170917  678829  75 S26   5
20170917  678829  80 S30   2
20170917  678835  32 N22  53
20170917  678835  33 N21  52
20170917  678835  38 N26  57
20170917  678835  43 N30  61
20170917  678835  44 N29  60
20170917  678836  32 N22  53
20170917  678836  38 N26  57
20170917  678836  43 N30  61
20170917  678836  44 N29  60
20170917  678837  43 N30  61
20170917  678837  44 N29  60
20170917  678885  49  S6  30
20170917  678885  56 S12  23
20170917  678960  53  S2  26
20170917  678960  59  S9  20
20170918  679195  55 S13  24
20170918  679195  61 S19  18
20170918  679251  14  N4  35
20170918  679251  15  N3  34
20170918  679251  20 N11  42
20170918  679251  21 N10  41
20170918  679251  50  S5  29
20170918  679251  51  S4  28
20170918  679251  52  S3  27
20170918  679251  56 S12  23
20170918  679251  57 S11  22
20170918  679251  62 S18  17
20170918  679251  63 S17  16
20170918  679386  12  N6  37
20170918  679386  13  N5  36
20170918  679386  14  N4  35
20170918  679386  15  N3  34
20170918  679386  16  N2  33
20170918  679386  19 N12  43
20170918  679386  20 N11  42
20170918  679386  21 N10  41
20170918  679386  22  N9  40
20170918  679386  25 N18  49
20170918  679386  26 N17  48
20170918  679386  27 N16  47
20170918  679386  28 N15  46
20170918  679386  30 N24  55
20170918  679386  31 N23  54
20170918  679386  32 N22  53
20170918  679386  33 N21  52
20170918  679386  34 N20  51
20170918  679386  36 N28  59
20170918  679386  37 N27  58
20170918  679386  38 N26  57
20170918  679386  39 N25  56
20170918  679386  42 N31  62
20170918  679386  43 N30  61
20170918  679386  44 N29  60
20170918  679386  49  S6  30
20170918  679386  50  S5  29
20170918  679386  51  S4  28
20170918  679386  52  S3  27
20170918  679386  53  S2  26
20170918  679386  56 S12  23
20170918  679386  57 S11  22
20170918  679386  58 S10  21
20170918  679386  59  S9  20
20170918  679386  62 S18  17
20170918  679386  63 S17  16
20170918  679386  64 S16  15
20170918  679386  65 S15  14
20170918  679386  68 S23  11
20170918  679386  69 S22  10
20170918  679386  70 S21   9
20170918  679386  74 S27   6
20170918  679386  75 S26   5
20170922  680493  57 S11  22
20170922  680494  50  S5  29
20170922  680494  51  S4  28
20170922  680494  56 S12  23
20170922  680494  57 S11  22
20170922  680494  62 S18  17
20170922  680494  63 S17  16
20170922  680505  80 S30   2
20170922  680505  81 S29   1
20170923  680663  65 S15  14
20170923  680663  66 S14  13
20170923  680663  71 S20   8
20170923  680669  11  N7  38
20170923  680669  12  N6  37
20170923  680669  48  S7  31
20170923  680669  49  S6  30
20170923  680669  55 S13  24
20170923  680925  62 S18  17
20170923  680925  67 S24  12
20170923  680925  73 S28   7
20170923  680926  62 S18  17
20170923  680926  67 S24  12
20170923  680926  73 S28   7
20170924  681098  43 N30  61
20170924  681098  44 N29  60
20170924  681167  22  N9  40
20170924  681167  23  N8  39
20170925  681545  25 N18  49
20170925  681545  31 N23  54
20170925  681549  17  N1  32
20170925  681621  49  S6  30
20170925  681621  55 S13  24
20170925  681621  56 S12  23
20170925  681621  61 S19  18
20170925  681622  49  S6  30
20170925  681622  55 S13  24
20170925  681622  56 S12  23
20170925  681622  61 S19  18
20170925  681623  55 S13  24
20170925  681623  61 S19  18
20170926  681912  11  N7  38
20170926  681912  12  N6  37
20170926  681912  48  S7  31
20170926  681912  49  S6  30
20170926  681916  55 S13  24
20170926  681916  61 S19  18
20170926  681917  55 S13  24
20170926  681917  61 S19  18
20170926  681964  73 S28   7
20170926  681964  79 S31   3
20170926  681965  73 S28   7
20170926  681965  79 S31   3
20170926  681968  73 S28   7
20170926  681968  79 S31   3
20170926  682014  12  N6  37
20170926  682014  49  S6  30
20170926  682014  55 S13  24
20170926  682014  56 S12  23
20170926  682015  26 N17  48
20170926  682166  12  N6  37
20170926  682166  13  N5  36
20170926  682166  14  N4  35
20170926  682166  15  N3  34
20170926  682166  16  N2  33
20170926  682166  19 N12  43
20170926  682166  20 N11  42
20170926  682166  21 N10  41
20170926  682166  22  N9  40
20170926  682166  25 N18  49
20170926  682166  26 N17  48
20170926  682166  27 N16  47
20170926  682166  28 N15  46
20170926  682166  30 N24  55
20170926  682166  31 N23  54
20170926  682166  32 N22  53
20170926  682166  33 N21  52
20170926  682166  34 N20  51
20170926  682166  36 N28  59
20170926  682166  37 N27  58
20170926  682166  38 N26  57
20170926  682166  39 N25  56
20170926  682166  42 N31  62
20170926  682166  43 N30  61
20170926  682166  44 N29  60
20170926  682166  49  S6  30
20170926  682166  50  S5  29
20170926  682166  51  S4  28
20170926  682166  52  S3  27
20170926  682166  53  S2  26
20170926  682166  56 S12  23
20170926  682166  57 S11  22
20170926  682166  58 S10  21
20170926  682166  59  S9  20
20170926  682166  62 S18  17
20170926  682166  63 S17  16
20170926  682166  64 S16  15
20170926  682166  65 S15  14
20170926  682166  68 S23  11
20170926  682166  69 S22  10
20170926  682166  70 S21   9
20170926  682166  74 S27   6
20170926  682166  75 S26   5
20170926  682169  13  N5  36
20170926  682169  14  N4  35
20170926  682169  20 N11  42
20170926  682169  50  S5  29
20170926  682169  51  S4  28
20170926  682169  52  S3  27
20170926  682169  58 S10  21
20170926  682169  59  S9  20
20170926  682170  12  N6  37
20170926  682170  13  N5  36
20170926  682170  14  N4  35
20170926  682170  18 N13  44
20170926  682170  19 N12  43
20170926  682170  20 N11  42
20170926  682170  21 N10  41
20170926  682170  24 N19  50
20170926  682170  25 N18  49
20170926  682170  26 N17  48
20170926  682170  27 N16  47
20170926  682170  30 N24  55
20170926  682170  31 N23  54
20170926  682170  49  S6  30
20170926  682170  50  S5  29
20170926  682170  51  S4  28
20170926  682170  52  S3  27
20170926  682170  56 S12  23
20170926  682170  57 S11  22
20170926  682170  58 S10  21
20170926  682170  59  S9  20
20170926  682173  59  S9  20
20170926  682173  65 S15  14
20170926  682175  58 S10  21
20170926  682175  59  S9  20
20170926  682175  64 S16  15
20170926  682175  65 S15  14
20170927  682354  43 N30  61
20170927  682354  44 N29  60
20170927  682355  43 N30  61
20170927  682355  44 N29  60
20170927  682403  43 N30  61
20170927  682403  44 N29  60
20170927  682408  63 S17  16
20170927  682408  68 S23  11
20170928  682724  30 N24  55
20170928  682724  31 N23  54
20170928  682724  36 N28  59
20170928  682749  20 N11  42
20170928  682749  26 N17  48
20170928  682749  27 N16  47
20170928  682752  12  N6  37
20170928  682752  13  N5  36
20170928  682752  15  N3  34
20170928  682752  16  N2  33
20170928  682752  19 N12  43
20170928  682752  20 N11  42
20170928  682752  21 N10  41
20170928  682752  22  N9  40
20170928  682752  25 N18  49
20170928  682752  26 N17  48
20170928  682752  27 N16  47
20170928  682752  28 N15  46
20170928  682752  29 N14  45
20170928  682752  31 N23  54
20170928  682752  32 N22  53
20170928  682752  33 N21  52
20170928  682752  34 N20  51
20170928  682752  37 N27  58
20170928  682752  38 N26  57
20170928  682752  39 N25  56
20170928  682752  42 N31  62
20170928  682752  43 N30  61
20170928  682752  44 N29  60
20170928  682752  49  S6  30
20170928  682752  50  S5  29
20170928  682752  52  S3  27
20170928  682752  53  S2  26
20170928  682752  55 S13  24
20170928  682752  56 S12  23
20170928  682752  57 S11  22
20170928  682752  58 S10  21
20170928  682752  59  S9  20
20170928  682752  62 S18  17
20170928  682752  63 S17  16
20170928  682752  64 S16  15
20170928  682752  65 S15  14
20170928  682752  67 S24  12
20170928  682752  68 S23  11
20170928  682752  69 S22  10
20170928  682752  70 S21   9
20170928  682752  73 S28   7
20170928  682752  74 S27   6
20170928  682752  75 S26   5
20170928  682752  79 S31   3
20170928  682762  42 N31  62
20170929  683005  30 N24  55
20170929  683005  31 N23  54
20170929  683005  36 N28  59
20170929  683058  12  N6  37
20170929  683058  13  N5  36
20170929  683058  15  N3  34
20170929  683058  16  N2  33
20170929  683058  19 N12  43
20170929  683058  20 N11  42
20170929  683058  21 N10  41
20170929  683058  22  N9  40
20170929  683058  25 N18  49
20170929  683058  26 N17  48
20170929  683058  27 N16  47
20170929  683058  28 N15  46
20170929  683058  29 N14  45
20170929  683058  32 N22  53
20170929  683058  33 N21  52
20170929  683058  34 N20  51
20170929  683058  37 N27  58
20170929  683058  38 N26  57
20170929  683058  39 N25  56
20170929  683058  42 N31  62
20170929  683058  43 N30  61
20170929  683058  44 N29  60
20170929  683058  49  S6  30
20170929  683058  50  S5  29
20170929  683058  52  S3  27
20170929  683058  53  S2  26
20170929  683058  55 S13  24
20170929  683058  56 S12  23
20170929  683058  57 S11  22
20170929  683058  58 S10  21
20170929  683058  59  S9  20
20170929  683058  62 S18  17
20170929  683058  63 S17  16
20170929  683058  64 S16  15
20170929  683058  65 S15  14
20170929  683058  67 S24  12
20170929  683058  68 S23  11
20170929  683058  69 S22  10
20170929  683058  70 S21   9
20170929  683058  73 S28   7
20170929  683058  74 S27   6
20170929  683058  75 S26   5
20170929  683058  79 S31   3
20171002  684005  56 S12  23
20171009  685385  11  N7  38
20171009  685385  12  N6  37
20171009  685385  18 N13  44
20171010  685709  57 S11  22
20171010  685709  58 S10  21
20171010  685710  57 S11  22
20171010  685710  58 S10  21
20171010  685761  20 N11  42
20171010  685761  26 N17  48
20171010  685761  31 N23  54
20171010  685761  32 N22  53
20171010  685821  15  N3  34
20171011  686072  73 S28   7
20171011  686072  74 S27   6
20171011  686072  79 S31   3
20171011  686075  33 N21  52
20171011  686075  39 N25  56
20171012  686430  43 N30  61
20171012  686430  44 N29  60
20171012  686486  43 N30  61
20171012  686486  44 N29  60
20171012  686488  63 S17  16
20171012  686488  68 S23  11
20171013  686822  55 S13  24
20171013  686822  61 S19  18
20171013  686837  11  N7  38
20171013  686837  12  N6  37
20171013  686837  15  N3  34
20171013  686837  16  N2  33
20171013  686837  22  N9  40
20171013  686837  48  S7  31
20171013  686837  49  S6  30
20171013  686837  52  S3  27
20171013  686837  53  S2  26
20171013  686837  55 S13  24
20171014  687207  73 S28   7
20171014  687207  74 S27   6
20171014  687207  79 S31   3
20171014  687294  64 S16  15
20171014  687294  65 S15  14
20171015  687528  55 S13  24
20171015  687528  61 S19  18
20171015  687552  25 N18  49
20171015  687552  26 N17  48
20171015  687552  31 N23  54
20171015  687610  73 S28   7
20171015  687610  74 S27   6
20171015  687610  79 S31   3
20171016  687756  11  N7  38
20171016  687756  12  N6  37
20171016  687756  15  N3  34
20171016  687756  16  N2  33
20171016  687756  22  N9  40
20171016  687756  48  S7  31
20171016  687756  49  S6  30
20171016  687756  52  S3  27
20171016  687756  53  S2  26
20171016  687756  55 S13  24
20171016  687869  12  N6  37
20171016  687869  13  N5  36
20171016  687869  15  N3  34
20171016  687869  19 N12  43
20171016  687869  20 N11  42
20171016  687869  21 N10  41
20171016  687869  22  N9  40
20171016  687869  25 N18  49
20171016  687869  26 N17  48
20171016  687869  27 N16  47
20171016  687869  28 N15  46
20171016  687869  29 N14  45
20171016  687869  31 N23  54
20171016  687869  32 N22  53
20171016  687869  33 N21  52
20171016  687869  34 N20  51
20171016  687869  37 N27  58
20171016  687869  38 N26  57
20171016  687869  39 N25  56
20171016  687869  42 N31  62
20171016  687869  43 N30  61
20171016  687869  44 N29  60
20171016  687869  49  S6  30
20171016  687869  50  S5  29
20171016  687869  51  S4  28
20171016  687869  52  S3  27
20171016  687869  53  S2  26
20171016  687869  56 S12  23
20171016  687869  57 S11  22
20171016  687869  58 S10  21
20171016  687869  59  S9  20
20171016  687869  62 S18  17
20171016  687869  63 S17  16
20171016  687869  64 S16  15
20171016  687869  65 S15  14
20171016  687869  67 S24  12
20171016  687869  68 S23  11
20171016  687869  69 S22  10
20171016  687869  70 S21   9
20171016  687869  73 S28   7
20171016  687869  74 S27   6
20171016  687869  75 S26   5
20171016  687869  79 S31   3
20171016  687882  67 S24  12
20171016  687882  68 S23  11
20171016  687882  73 S28   7
20171016  687914  12  N6  37
20171016  687914  13  N5  36
20171016  687914  14  N4  35
20171016  687914  15  N3  34
20171016  687914  16  N2  33
20171016  687914  19 N12  43
20171016  687914  20 N11  42
20171016  687914  21 N10  41
20171016  687914  22  N9  40
20171016  687914  25 N18  49
20171016  687914  26 N17  48
20171016  687914  27 N16  47
20171016  687914  28 N15  46
20171016  687914  30 N24  55
20171016  687914  31 N23  54
20171016  687914  32 N22  53
20171016  687914  33 N21  52
20171016  687914  34 N20  51
20171016  687914  36 N28  59
20171016  687914  37 N27  58
20171016  687914  38 N26  57
20171016  687914  39 N25  56
20171016  687914  42 N31  62
20171016  687914  43 N30  61
20171016  687914  44 N29  60
20171016  687914  49  S6  30
20171016  687914  50  S5  29
20171016  687914  51  S4  28
20171016  687914  52  S3  27
20171016  687914  53  S2  26
20171016  687914  56 S12  23
20171016  687914  57 S11  22
20171016  687914  58 S10  21
20171016  687914  59  S9  20
20171016  687914  62 S18  17
20171016  687914  63 S17  16
20171016  687914  64 S16  15
20171016  687914  65 S15  14
20171016  687914  68 S23  11
20171016  687914  69 S22  10
20171016  687914  70 S21   9
20171016  687914  74 S27   6
20171016  687914  75 S26   5
20171016  687954  55 S13  24
20171016  687954  56 S12  23
20171016  687954  61 S19  18
20171016  687954  62 S18  17
20171016  687955  55 S13  24
20171016  687955  56 S12  23
20171016  687955  61 S19  18
20171016  687955  62 S18  17
20171016  687978  55 S13  24
20171016  687978  56 S12  23
20171016  687978  61 S19  18
20171016  687978  62 S18  17
20171016  687978  67 S24  12
20171016  687979  29 N14  45
20171016  687979  34 N20  51
20171020  689259  73 S28   7
20171020  689260  57 S11  22
20171020  689260  58 S10  21
20171021  689615  30 N24  55
20171021  689615  31 N23  54
20171021  689615  36 N28  59
20171021  689628  73 S28   7
20171021  689629  73 S28   7
20171021  689777  31 N23  54
20171021  689777  36 N28  59
20171021  689778  55 S13  24
20171021  689778  61 S19  18
20171021  689798  13  N5  36
20171021  689798  19 N12  43
20171021  689798  20 N11  42
20171021  689799  13  N5  36
20171021  689799  19 N12  43
20171021  689799  20 N11  42
20171021  689813  15  N3  34
20171021  689813  22  N9  40
20171021  689827  22  N9  40
20171021  689827  28 N15  46
20171025  690805  57 S11  22
20171025  690805  58 S10  21
20171025  690894  67 S24  12
20171025  690894  73 S28   7
20171026  691102  66 S14  13
20171026  691103  19 N12  43
20171026  691103  24 N19  50
20171026  691103  25 N18  49
20171026  691103  30 N24  55
20171026  691104  24 N19  50
20171026  691104  25 N18  49
20171026  691104  30 N24  55
20171026  691254  66 S14  13
20171026  691256  66 S14  13
20171026  691257  66 S14  13
20171026  691267  12  N6  37
20171026  691267  13  N5  36
20171026  691267  14  N4  35
20171026  691267  15  N3  34
20171026  691267  16  N2  33
20171026  691267  19 N12  43
20171026  691267  20 N11  42
20171026  691267  21 N10  41
20171026  691267  22  N9  40
20171026  691267  25 N18  49
20171026  691267  26 N17  48
20171026  691267  27 N16  47
20171026  691267  28 N15  46
20171026  691267  30 N24  55
20171026  691267  31 N23  54
20171026  691267  32 N22  53
20171026  691267  33 N21  52
20171026  691267  34 N20  51
20171026  691267  36 N28  59
20171026  691267  37 N27  58
20171026  691267  38 N26  57
20171026  691267  39 N25  56
20171026  691267  42 N31  62
20171026  691267  43 N30  61
20171026  691267  44 N29  60
20171026  691267  49  S6  30
20171026  691267  50  S5  29
20171026  691267  51  S4  28
20171026  691267  52  S3  27
20171026  691267  53  S2  26
20171026  691267  56 S12  23
20171026  691267  57 S11  22
20171026  691267  58 S10  21
20171026  691267  59  S9  20
20171026  691267  62 S18  17
20171026  691267  63 S17  16
20171026  691267  64 S16  15
20171026  691267  65 S15  14
20171026  691267  68 S23  11
20171026  691267  69 S22  10
20171026  691267  70 S21   9
20171026  691267  74 S27   6
20171026  691267  75 S26   5
20171026  691312  15  N3  34
20171026  691312  51  S4  28
20171026  691312  52  S3  27
20171026  691312  58 S10  21
20171027  691480  20 N11  42
20171027  691480  26 N17  48
20171027  691482  75 S26   5
20171027  691482  80 S30   2
20171027  691482  81 S29   1
20171027  691561  67 S24  12
20171027  691561  68 S23  11
20171027  691561  73 S28   7
20171027  691658  34 N20  51
20171027  691658  39 N25  56
20171028  691990  16  N2  33
20171028  691990  53  S2  26
20171028  691991  16  N2  33
20171028  691991  53  S2  26
20171028  692064  28 N15  46
20171028  692064  34 N20  51
20171028  692065  28 N15  46
20171028  692065  34 N20  51
20171028  692066  28 N15  46
20171028  692066  29 N14  45
20171028  692066  33 N21  52
20171028  692066  34 N20  51
20171028  692066  50  S5  29
20171028  692066  56 S12  23
20171028  692066  57 S11  22
20171028  692066  62 S18  17
20171028  692066  63 S17  16
20171028  692129  51  S4  28
20171028  692129  52  S3  27
20171028  692129  58 S10  21
20171028  692129  64 S16  15
20171029  692301  42 N31  62
20171029  692303  25 N18  49
20171029  692303  26 N17  48
20171029  692303  31 N23  54
20171031  693037  55 S13  24
20171031  693037  56 S12  23
20171031  693037  61 S19  18
20171031  693037  62 S18  17
20171031  693093  22  N9  40
20171031  693093  28 N15  46
20171031  693093  33 N21  52
20171031  693093  34 N20  51
20171031  693093  62 S18  17
20171031  693093  67 S24  12
20171031  693093  73 S28   7
20171031  693146  63 S17  16
20171031  693146  64 S16  15
20171031  693146  69 S22  10
20171031  693146  74 S27   6
20171031  693146  75 S26   5
20171107  693998  34 N20  51
20171107  693998  39 N25  56
20171108  694231  12  N6  37
20171108  694231  13  N5  36
20171108  694231  14  N4  35
20171108  694231  15  N3  34
20171108  694231  16  N2  33
20171108  694231  19 N12  43
20171108  694231  20 N11  42
20171108  694231  21 N10  41
20171108  694231  22  N9  40
20171108  694231  25 N18  49
20171108  694231  26 N17  48
20171108  694231  27 N16  47
20171108  694231  28 N15  46
20171108  694231  30 N24  55
20171108  694231  31 N23  54
20171108  694231  32 N22  53
20171108  694231  33 N21  52
20171108  694231  34 N20  51
20171108  694231  36 N28  59
20171108  694231  37 N27  58
20171108  694231  38 N26  57
20171108  694231  39 N25  56
20171108  694231  42 N31  62
20171108  694231  43 N30  61
20171108  694231  44 N29  60
20171108  694231  49  S6  30
20171108  694231  50  S5  29
20171108  694231  51  S4  28
20171108  694231  52  S3  27
20171108  694231  53  S2  26
20171108  694231  56 S12  23
20171108  694231  57 S11  22
20171108  694231  58 S10  21
20171108  694231  59  S9  20
20171108  694231  62 S18  17
20171108  694231  63 S17  16
20171108  694231  64 S16  15
20171108  694231  65 S15  14
20171108  694231  68 S23  11
20171108  694231  69 S22  10
20171108  694231  70 S21   9
20171108  694231  74 S27   6
20171108  694231  75 S26   5
20171108  694308  34 N20  51
20171108  694308  39 N25  56
20171108  694342  39 N25  56
20171108  694359  34 N20  51
20171108  694359  39 N25  56
20171108  694365  61 S19  18
20171109  694678  24 N19  50
20171109  694678  25 N18  49
20171109  694678  30 N24  55
20171109  694678  31 N23  54
20171109  694678  36 N28  59
20171109  694682  76 S25   4
20171109  694684  57 S11  22
20171109  694685  66 S14  13
20171109  694685  71 S20   8
20171109  694751  33 N21  52
20171109  694751  34 N20  51
20171109  694751  39 N25  56
20171114  696322  68 S23  11
20171114  696322  73 S28   7
20171114  696322  74 S27   6
20171114  696322  79 S31   3
20171114  696333  33 N21  52
20171114  696333  39 N25  56
20171114  696427  25 N18  49
20171114  696427  30 N24  55
20171115  696519  42 N31  62
20171115  696520  42 N31  62
20171115  696539  66 S14  13
20171115  696554  61 S19  18
20171115  696554  67 S24  12
20171116  696863  48  S7  31
20171116  696863  49  S6  30
20171116  696863  55 S13  24
20171116  696886  19 N12  43
20171116  696886  24 N19  50
20171116  696886  25 N18  49
20171116  696886  30 N24  55
20171116  696887  24 N19  50
20171116  696887  25 N18  49
20171116  696887  30 N24  55
20171116  696926  80 S30   2
20171117  697269  12  N6  37
20171117  697269  13  N5  36
20171117  697269  14  N4  35
20171117  697269  15  N3  34
20171117  697269  16  N2  33
20171117  697269  19 N12  43
20171117  697269  20 N11  42
20171117  697269  21 N10  41
20171117  697269  22  N9  40
20171117  697269  25 N18  49
20171117  697269  26 N17  48
20171117  697269  27 N16  47
20171117  697269  28 N15  46
20171117  697269  30 N24  55
20171117  697269  31 N23  54
20171117  697269  32 N22  53
20171117  697269  33 N21  52
20171117  697269  34 N20  51
20171117  697269  36 N28  59
20171117  697269  37 N27  58
20171117  697269  38 N26  57
20171117  697269  39 N25  56
20171117  697269  42 N31  62
20171117  697269  43 N30  61
20171117  697269  44 N29  60
20171117  697269  49  S6  30
20171117  697269  50  S5  29
20171117  697269  51  S4  28
20171117  697269  52  S3  27
20171117  697269  53  S2  26
20171117  697269  56 S12  23
20171117  697269  57 S11  22
20171117  697269  58 S10  21
20171117  697269  59  S9  20
20171117  697269  62 S18  17
20171117  697269  63 S17  16
20171117  697269  64 S16  15
20171117  697269  65 S15  14
20171117  697269  68 S23  11
20171117  697269  69 S22  10
20171117  697269  70 S21   9
20171117  697269  74 S27   6
20171117  697269  75 S26   5
20171117  697391  43 N30  61
20171118  697607  80 S30   2
20171121  698464  12  N6  37
20171121  698464  13  N5  36
20171121  698464  14  N4  35
20171121  698464  15  N3  34
20171121  698464  16  N2  33
20171121  698464  19 N12  43
20171121  698464  20 N11  42
20171121  698464  21 N10  41
20171121  698464  22  N9  40
20171121  698464  25 N18  49
20171121  698464  26 N17  48
20171121  698464  27 N16  47
20171121  698464  28 N15  46
20171121  698464  30 N24  55
20171121  698464  31 N23  54
20171121  698464  32 N22  53
20171121  698464  33 N21  52
20171121  698464  34 N20  51
20171121  698464  36 N28  59
20171121  698464  37 N27  58
20171121  698464  38 N26  57
20171121  698464  39 N25  56
20171121  698464  42 N31  62
20171121  698464  43 N30  61
20171121  698464  44 N29  60
20171121  698464  49  S6  30
20171121  698464  50  S5  29
20171121  698464  51  S4  28
20171121  698464  52  S3  27
20171121  698464  53  S2  26
20171121  698464  56 S12  23
20171121  698464  57 S11  22
20171121  698464  58 S10  21
20171121  698464  59  S9  20
20171121  698464  62 S18  17
20171121  698464  63 S17  16
20171121  698464  64 S16  15
20171121  698464  65 S15  14
20171121  698464  68 S23  11
20171121  698464  69 S22  10
20171121  698464  70 S21   9
20171121  698464  74 S27   6
20171121  698464  75 S26   5
20171121  698475  19 N12  43
20171121  698475  25 N18  49
20171121  698545  11  N7  38
20171121  698545  12  N6  37
20171121  698545  13  N5  36
20171121  698545  14  N4  35
20171121  698545  15  N3  34
20171121  698545  16  N2  33
20171121  698545  17  N1  32
20171121  698545  18 N13  44
20171121  698545  19 N12  43
20171121  698545  20 N11  42
20171121  698545  21 N10  41
20171121  698545  22  N9  40
20171121  698545  23  N8  39
20171121  698545  25 N18  49
20171121  698545  26 N17  48
20171121  698545  27 N16  47
20171121  698545  28 N15  46
20171121  698545  29 N14  45
20171121  698545  31 N23  54
20171121  698545  32 N22  53
20171121  698545  33 N21  52
20171121  698545  34 N20  51
20171121  698545  48  S7  31
20171121  698545  49  S6  30
20171121  698545  50  S5  29
20171121  698545  51  S4  28
20171121  698545  52  S3  27
20171121  698545  53  S2  26
20171121  698545  54  S1  25
20171121  698545  55 S13  24
20171121  698545  56 S12  23
20171121  698545  57 S11  22
20171121  698545  58 S10  21
20171121  698545  59  S9  20
20171121  698545  60  S8  19
20171121  698545  62 S18  17
20171121  698545  63 S17  16
20171121  698545  64 S16  15
20171121  698545  65 S15  14
20171121  698545  66 S14  13
20171121  698545  68 S23  11
20171121  698545  69 S22  10
20171121  698545  71 S20   8
20171121  698546  12  N6  37
20171121  698546  13  N5  36
20171121  698546  14  N4  35
20171121  698546  15  N3  34
20171121  698546  16  N2  33
20171121  698546  19 N12  43
20171121  698546  20 N11  42
20171121  698546  21 N10  41
20171121  698546  22  N9  40
20171121  698546  25 N18  49
20171121  698546  26 N17  48
20171121  698546  27 N16  47
20171121  698546  28 N15  46
20171121  698546  31 N23  54
20171121  698546  32 N22  53
20171121  698546  33 N21  52
20171121  698546  37 N27  58
20171121  698546  38 N26  57
20171121  698546  49  S6  30
20171121  698546  50  S5  29
20171121  698546  51  S4  28
20171121  698546  52  S3  27
20171121  698546  53  S2  26
20171121  698546  56 S12  23
20171121  698546  57 S11  22
20171121  698546  58 S10  21
20171121  698546  59  S9  20
20171121  698546  60  S8  19
20171121  698546  62 S18  17
20171121  698546  63 S17  16
20171121  698546  64 S16  15
20171121  698546  65 S15  14
20171121  698546  66 S14  13
20171121  698546  67 S24  12
20171121  698546  68 S23  11
20171121  698546  69 S22  10
20171121  698546  70 S21   9
20171121  698546  71 S20   8
20171121  698546  73 S28   7
20171121  698546  74 S27   6
20171121  698546  75 S26   5
20171121  698546  76 S25   4
20171121  698546  79 S31   3
20171121  698546  80 S30   2
20171121  698546  81 S29   1
20171122  698804  73 S28   7
20171122  698813  50  S5  29
20171122  698813  51  S4  28
20171122  698814  50  S5  29
20171122  698814  51  S4  28
20171122  698815  13  N5  36
20171122  698815  14  N4  35
20171122  698815  15  N3  34
20171122  698815  21 N10  41
20171122  698815  50  S5  29
20171122  698815  51  S4  28
20171122  698815  52  S3  27
20171122  698942  24 N19  50
20171122  698942  30 N24  55
20171123  699275  51  S4  28
20171123  699275  52  S3  27
20171123  699276  51  S4  28
20171123  699276  52  S3  27
20171124  699460  11  N7  38
20171124  699460  12  N6  37
20171124  699460  48  S7  31
20171124  699460  49  S6  30
20171124  699460  55 S13  24
20171124  699583  11  N7  38
20171124  699583  12  N6  37
20171124  699583  13  N5  36
20171124  699583  14  N4  35
20171124  699583  15  N3  34
20171124  699583  16  N2  33
20171124  699583  17  N1  32
20171124  699583  18 N13  44
20171124  699583  19 N12  43
20171124  699583  20 N11  42
20171124  699583  21 N10  41
20171124  699583  22  N9  40
20171124  699583  23  N8  39
20171124  699583  25 N18  49
20171124  699583  26 N17  48
20171124  699583  27 N16  47
20171124  699583  28 N15  46
20171124  699583  29 N14  45
20171124  699583  31 N23  54
20171124  699583  32 N22  53
20171124  699583  33 N21  52
20171124  699583  34 N20  51
20171124  699583  48  S7  31
20171124  699583  49  S6  30
20171124  699583  50  S5  29
20171124  699583  51  S4  28
20171124  699583  52  S3  27
20171124  699583  53  S2  26
20171124  699583  54  S1  25
20171124  699583  55 S13  24
20171124  699583  56 S12  23
20171124  699583  57 S11  22
20171124  699583  58 S10  21
20171124  699583  59  S9  20
20171124  699583  60  S8  19
20171124  699583  62 S18  17
20171124  699583  63 S17  16
20171124  699583  64 S16  15
20171124  699583  65 S15  14
20171124  699583  66 S14  13
20171124  699583  68 S23  11
20171124  699583  69 S22  10
20171124  699583  71 S20   8
20171124  699584  12  N6  37
20171124  699584  13  N5  36
20171124  699584  14  N4  35
20171124  699584  15  N3  34
20171124  699584  16  N2  33
20171124  699584  19 N12  43
20171124  699584  20 N11  42
20171124  699584  21 N10  41
20171124  699584  22  N9  40
20171124  699584  25 N18  49
20171124  699584  26 N17  48
20171124  699584  27 N16  47
20171124  699584  28 N15  46
20171124  699584  31 N23  54
20171124  699584  32 N22  53
20171124  699584  33 N21  52
20171124  699584  37 N27  58
20171124  699584  38 N26  57
20171124  699584  49  S6  30
20171124  699584  50  S5  29
20171124  699584  51  S4  28
20171124  699584  52  S3  27
20171124  699584  53  S2  26
20171124  699584  56 S12  23
20171124  699584  57 S11  22
20171124  699584  58 S10  21
20171124  699584  59  S9  20
20171124  699584  60  S8  19
20171124  699584  62 S18  17
20171124  699584  63 S17  16
20171124  699584  64 S16  15
20171124  699584  65 S15  14
20171124  699584  66 S14  13
20171124  699584  67 S24  12
20171124  699584  68 S23  11
20171124  699584  69 S22  10
20171124  699584  70 S21   9
20171124  699584  71 S20   8
20171124  699584  73 S28   7
20171124  699584  74 S27   6
20171124  699584  75 S26   5
20171124  699584  76 S25   4
20171124  699584  79 S31   3
20171124  699584  80 S30   2
20171124  699584  81 S29   1
20171124  699605  55 S13  24
20171124  699605  61 S19  18
20171125  699952  13  N5  36
20171125  699952  20 N11  42
20171127  700659  29 N14  45
20171127  700659  34 N20  51
20171127  700731  75 S26   5
20171127  700731  80 S30   2
20171127  700731  81 S29   1
20171127  700732  36 N28  59
20171127  700732  42 N31  62
20171127  700732  75 S26   5
20171127  700732  80 S30   2
20171127  700732  81 S29   1
20171128  701030  42 N31  62
20171128  701030  43 N30  61
20171128  701094  22  N9  40
20171128  701094  28 N15  46
20171128  701095  22  N9  40
20171128  701095  28 N15  46
20171206  702274  36 N28  59
20171206  702274  42 N31  62
20171206  702348  73 S28   7
20171206  702396  25 N18  49
20171206  702396  30 N24  55
20171207  702752  29 N14  45
20171207  702752  34 N20  51
20171207  702772  23  N8  39
20171207  702772  29 N14  45
20171207  702805  51  S4  28
20171207  702805  52  S3  27
20171207  702805  58 S10  21
20171207  702805  59  S9  20
20171207  702829  15  N3  34
20171207  702829  22  N9  40
20171207  702863  57 S11  22
20171207  702864  39 N25  56
20171208  703087  11  N7  38
20171208  703087  12  N6  37
20171208  703087  13  N5  36
20171208  703087  14  N4  35
20171208  703087  15  N3  34
20171208  703087  16  N2  33
20171208  703087  18 N13  44
20171208  703087  19 N12  43
20171208  703087  20 N11  42
20171208  703087  21 N10  41
20171208  703087  22  N9  40
20171208  703087  24 N19  50
20171208  703087  25 N18  49
20171208  703087  26 N17  48
20171208  703087  27 N16  47
20171208  703087  28 N15  46
20171208  703087  30 N24  55
20171208  703087  31 N23  54
20171208  703087  32 N22  53
20171208  703087  33 N21  52
20171208  703087  36 N28  59
20171208  703087  37 N27  58
20171208  703087  48  S7  31
20171208  703087  49  S6  30
20171208  703087  50  S5  29
20171208  703087  51  S4  28
20171208  703087  52  S3  27
20171208  703087  53  S2  26
20171208  703087  55 S13  24
20171208  703087  56 S12  23
20171208  703087  57 S11  22
20171208  703087  58 S10  21
20171208  703087  59  S9  20
20171208  703087  62 S18  17
20171208  703087  63 S17  16
20171208  703087  64 S16  15
20171208  703087  65 S15  14
20171208  703087  68 S23  11
20171208  703087  69 S22  10
20171208  703087  70 S21   9
20171208  703155  80 S30   2
20171208  703259  65 S15  14
20171208  703259  70 S21   9
20171208  703259  71 S20   8
20171208  703260  65 S15  14
20171208  703260  70 S21   9
20171208  703260  71 S20   8
20171209  703571  43 N30  61
20171210  703794  80 S30   2
20171210  703864  11  N7  38
20171210  703864  12  N6  37
20171210  703864  13  N5  36
20171210  703864  14  N4  35
20171210  703864  15  N3  34
20171210  703864  16  N2  33
20171210  703864  18 N13  44
20171210  703864  19 N12  43
20171210  703864  20 N11  42
20171210  703864  21 N10  41
20171210  703864  22  N9  40
20171210  703864  24 N19  50
20171210  703864  25 N18  49
20171210  703864  26 N17  48
20171210  703864  27 N16  47
20171210  703864  28 N15  46
20171210  703864  30 N24  55
20171210  703864  31 N23  54
20171210  703864  32 N22  53
20171210  703864  33 N21  52
20171210  703864  36 N28  59
20171210  703864  37 N27  58
20171210  703864  48  S7  31
20171210  703864  49  S6  30
20171210  703864  50  S5  29
20171210  703864  51  S4  28
20171210  703864  52  S3  27
20171210  703864  53  S2  26
20171210  703864  55 S13  24
20171210  703864  56 S12  23
20171210  703864  57 S11  22
20171210  703864  58 S10  21
20171210  703864  59  S9  20
20171210  703864  62 S18  17
20171210  703864  63 S17  16
20171210  703864  64 S16  15
20171210  703864  65 S15  14
20171210  703864  68 S23  11
20171210  703864  69 S22  10
20171210  703864  70 S21   9
20171210  703876  58 S10  21
20171210  703876  64 S16  15
20171212  704560  51  S4  28
20171212  704560  52  S3  27
20171212  704560  58 S10  21
20171212  704560  64 S16  15
20171212  704561  58 S10  21
20171212  704562  63 S17  16
20171212  704562  67 S24  12
20171212  704562  68 S23  11
20171212  704562  73 S28   7
20171212  704562  74 S27   6
20171212  704562  79 S31   3
20171212  704623  30 N24  55
20171213  704817  56 S12  23
20171213  704817  57 S11  22
20171213  704854  75 S26   5
20171213  704854  80 S30   2
20171213  704855  75 S26   5
20171213  704855  80 S30   2
20171213  704920  30 N24  55
20171213  704960  12  N6  37
20171213  704960  13  N5  36
20171213  704960  14  N4  35
20171213  704960  15  N3  34
20171213  704960  16  N2  33
20171213  704960  19 N12  43
20171213  704960  20 N11  42
20171213  704960  21 N10  41
20171213  704960  22  N9  40
20171213  704960  25 N18  49
20171213  704960  26 N17  48
20171213  704960  27 N16  47
20171213  704960  28 N15  46
20171213  704960  31 N23  54
20171213  704960  32 N22  53
20171213  704960  33 N21  52
20171213  704960  49  S6  30
20171213  704960  50  S5  29
20171213  704960  51  S4  28
20171213  704960  52  S3  27
20171213  704960  53  S2  26
20171213  704960  56 S12  23
20171213  704960  57 S11  22
20171213  704960  58 S10  21
20171213  704960  59  S9  20
20171213  704960  62 S18  17
20171213  704960  63 S17  16
20171213  704960  64 S16  15
20171213  704960  65 S15  14
20171213  704960  66 S14  13
20171213  704960  67 S24  12
20171213  704960  68 S23  11
20171213  704960  69 S22  10
20171213  704960  70 S21   9
20171213  704960  71 S20   8
20171213  704960  73 S28   7
20171213  704960  74 S27   6
20171213  704960  75 S26   5
20171213  704960  79 S31   3
20171213  704960  80 S30   2
20171213  704960  81 S29   1
20171214  705197  14  N4  35
20180104  709521  20 N11  42
20180104  709521  21 N10  41
20180104  709521  26 N17  48
20180104  709521  27 N16  47
20180104  709521  63 S17  16
20180104  709521  68 S23  11
20180104  709521  69 S22  10
20180104  709521  74 S27   6
20180107  710300  51  S4  28
20180107  710300  52  S3  27
20180107  710300  58 S10  21
20180107  710300  64 S16  15
20180107  710301  58 S10  21
20180107  710304  30 N24  55
20180108  710717  63 S17  16
20180108  710717  67 S24  12
20180108  710717  68 S23  11
20180108  710717  73 S28   7
20180108  710717  74 S27   6
20180108  710717  79 S31   3
20180108  710718  63 S17  16
20180108  710718  67 S24  12
20180108  710718  68 S23  11
20180108  710718  73 S28   7
20180108  710718  74 S27   6
20180108  710718  79 S31   3
20180113  711959  30 N24  55
20180117  713080  59  S9  20
20180119  713644  75 S26   5
20180119  713644  76 S25   4
20180119  713644  81 S29   1
20180119  713673  48  S7  31
20180119  713673  55 S13  24
20180120  713910  22  N9  40
20180120  713937  30 N24  55
20180120  713938  23  N8  39
20180120  713938  29 N14  45
20180120  713938  30 N24  55
20180120  713939  30 N24  55
20180120  713940  66 S14  13
20180120  713940  71 S20   8
20180120  713941  66 S14  13
20180120  713941  71 S20   8
20180120  713958  38 N26  57
20180120  713958  43 N30  61
20180120  713958  44 N29  60
20180121  714177  67 S24  12
20180121  714177  68 S23  11
20180121  714177  73 S28   7
20180121  714178  62 S18  17
20180121  714178  63 S17  16
20180121  714178  67 S24  12
20180121  714178  68 S23  11
20180121  714178  73 S28   7
20180121  714194  11  N7  38
20180121  714194  12  N6  37
20180121  714194  13  N5  36
20180121  714194  14  N4  35
20180121  714194  15  N3  34
20180121  714194  16  N2  33
20180121  714194  18 N13  44
20180121  714194  19 N12  43
20180121  714194  20 N11  42
20180121  714194  21 N10  41
20180121  714194  22  N9  40
20180121  714194  23  N8  39
20180121  714194  25 N18  49
20180121  714194  26 N17  48
20180121  714194  27 N16  47
20180121  714194  28 N15  46
20180121  714194  29 N14  45
20180121  714194  31 N23  54
20180121  714194  32 N22  53
20180121  714194  34 N20  51
20180121  714194  48  S7  31
20180121  714194  49  S6  30
20180121  714194  50  S5  29
20180121  714194  51  S4  28
20180121  714194  52  S3  27
20180121  714194  53  S2  26
20180121  714194  54  S1  25
20180121  714194  55 S13  24
20180121  714194  56 S12  23
20180121  714194  57 S11  22
20180121  714194  58 S10  21
20180121  714194  59  S9  20
20180121  714194  60  S8  19
20180121  714194  62 S18  17
20180121  714194  63 S17  16
20180121  714194  64 S16  15
20180121  714194  65 S15  14
20180121  714194  66 S14  13
20180121  714194  68 S23  11
20180121  714194  69 S22  10
20180121  714194  71 S20   8
20180122  714450  23  N8  39
20180122  714450  29 N14  45
20180123  714861  62 S18  17
20180123  714861  67 S24  12
20180123  714861  68 S23  11
20180123  714861  73 S28   7
20180123  714861  74 S27   6
20180124  715314  75 S26   5
20180124  715314  76 S25   4
20180124  715314  81 S29   1
20180125  715789  79 S31   3
20180125  715789  80 S30   2
20180125  715792  43 N30  61
20180125  715793  43 N30  61
20180202  716907  24 N19  50
20180202  716907  30 N24  55
20180202  716949  55 S13  24
20180202  716949  61 S19  18
20180204  717821  56 S12  23
20180205  718238  36 N28  59
20180205  718238  37 N27  58
20180205  718238  42 N31  62
20180205  718239  36 N28  59
20180205  718239  37 N27  58
20180205  718239  42 N31  62
20180205  718300  43 N30  61
20180205  718301  65 S15  14
20180205  718301  70 S21   9
20180205  718301  71 S20   8
20180206  718544  67 S24  12
20180206  718544  68 S23  11
20180206  718544  73 S28   7
20180206  718544  74 S27   6
20180206  718544  79 S31   3
20180206  718586  73 S28   7
20180206  718586  74 S27   6
20180206  718586  79 S31   3
20180206  718625  65 S15  14
20180206  718625  70 S21   9
20180206  718625  71 S20   8
20180206  718626  65 S15  14
20180206  718626  70 S21   9
20180206  718626  71 S20   8
20180206  718635  43 N30  61
20180206  718636  43 N30  61
20180206  718655  55 S13  24
20180206  718655  61 S19  18
20180207  718996  79 S31   3
20180207  718997  79 S31   3
20180207  718997  80 S30   2
20180207  718998  55 S13  24
20180207  718998  61 S19  18
20180208  719260  11  N7  38
20180208  719260  48  S7  31
20180208  719260  49  S6  30
20180208  719332  80 S30   2
20180208  719332  81 S29   1
20180209  719620  23  N8  39
20180209  719620  29 N14  45
20180210  719949  13  N5  36
20180210  719949  14  N4  35
20180210  719949  15  N3  34
20180210  719949  16  N2  33
20180210  719949  21 N10  41
20180210  719949  22  N9  40
20180210  719949  28 N15  46
20180210  719949  50  S5  29
20180210  719949  51  S4  28
20180210  719949  56 S12  23
20180210  719949  57 S11  22
20180210  719952  24 N19  50
20180210  719952  30 N24  55
20180211  720402  79 S31   3
20180211  720402  80 S30   2
20180211  720403  79 S31   3
20180211  720403  80 S30   2
20180211  720404  79 S31   3
20180211  720404  80 S30   2
20180211  720421  11  N7  38
20180211  720421  12  N6  37
20180211  720421  13  N5  36
20180211  720421  14  N4  35
20180211  720421  15  N3  34
20180211  720421  16  N2  33
20180211  720421  17  N1  32
20180211  720421  18 N13  44
20180211  720421  19 N12  43
20180211  720421  20 N11  42
20180211  720421  21 N10  41
20180211  720421  22  N9  40
20180211  720421  23  N8  39
20180211  720421  25 N18  49
20180211  720421  26 N17  48
20180211  720421  27 N16  47
20180211  720421  28 N15  46
20180211  720421  29 N14  45
20180211  720421  31 N23  54
20180211  720421  32 N22  53
20180211  720421  33 N21  52
20180211  720421  34 N20  51
20180211  720421  48  S7  31
20180211  720421  49  S6  30
20180211  720421  50  S5  29
20180211  720421  51  S4  28
20180211  720421  52  S3  27
20180211  720421  53  S2  26
20180211  720421  54  S1  25
20180211  720421  55 S13  24
20180211  720421  56 S12  23
20180211  720421  57 S11  22
20180211  720421  58 S10  21
20180211  720421  59  S9  20
20180211  720421  60  S8  19
20180211  720421  62 S18  17
20180211  720421  63 S17  16
20180211  720421  64 S16  15
20180211  720421  65 S15  14
20180211  720421  66 S14  13
20180211  720421  68 S23  11
20180211  720421  69 S22  10
20180211  720421  70 S21   9
20180211  720421  71 S20   8
20180211  720422  11  N7  38
20180211  720422  12  N6  37
20180211  720422  13  N5  36
20180211  720422  14  N4  35
20180211  720422  15  N3  34
20180211  720422  16  N2  33
20180211  720422  18 N13  44
20180211  720422  19 N12  43
20180211  720422  20 N11  42
20180211  720422  21 N10  41
20180211  720422  22  N9  40
20180211  720422  23  N8  39
20180211  720422  25 N18  49
20180211  720422  26 N17  48
20180211  720422  27 N16  47
20180211  720422  28 N15  46
20180211  720422  29 N14  45
20180211  720422  31 N23  54
20180211  720422  32 N22  53
20180211  720422  34 N20  51
20180211  720422  48  S7  31
20180211  720422  49  S6  30
20180211  720422  50  S5  29
20180211  720422  51  S4  28
20180211  720422  52  S3  27
20180211  720422  53  S2  26
20180211  720422  54  S1  25
20180211  720422  55 S13  24
20180211  720422  56 S12  23
20180211  720422  57 S11  22
20180211  720422  58 S10  21
20180211  720422  59  S9  20
20180211  720422  60  S8  19
20180211  720422  62 S18  17
20180211  720422  63 S17  16
20180211  720422  64 S16  15
20180211  720422  65 S15  14
20180211  720422  66 S14  13
20180211  720422  68 S23  11
20180211  720422  69 S22  10
20180211  720422  71 S20   8
20180213  721094  18 N13  44
20180213  721094  19 N12  43
20180213  721094  24 N19  50
20180213  721094  25 N18  49
20180214  721420  21 N10  41
20180214  721420  27 N16  47
20180220  723698  66 S14  13
20180220  723700  60  S8  19
20180220  723700  66 S14  13
20180222  724435  21 N10  41
20180222  724435  27 N16  47
20180222  724436  21 N10  41
20180222  724436  27 N16  47
20180222  724437  21 N10  41
20180222  724437  27 N16  47
