#date     expnum ccd id ccdnum
# Lightbulb
20171110  695039 nan nan   46
20171110  695042 nan nan   46
20171110  695050 nan nan   46
20171110  695051 nan nan   46
20171110  695052 nan nan   46
20171110  695053 nan nan   46
20171110  695054 nan nan   46
20171110  695055 nan nan   46
20171110  695056 nan nan   46
20171110  695057 nan nan   46
20171110  695084 nan nan   46
20171110  695110 nan nan   46
20171110  695130 nan nan   46
20171111  695278 nan nan   46
20171111  695279 nan nan   46
20171111  695280 nan nan   46
20171111  695281 nan nan   46
