#date     expnum ccd id ccdnum
20220805  1117976  53  S2  26
20220805  1117976  59  S9  20
20220815  1122044 nan nan  12
20220815  1122126  27 N16  47
20220828  1126610  55 S13  24
20220828  1126610 nan nan  18
20220828  1126700  66 S14  13
20220828  1126700  71 S20   8
20220828  1126712  66 S14  13
20220828  1126712  71 S20   8
20220828  1126724  66 S14  13
20220828  1126724  71 S20   8
20220902  1129214  61 S19  18
20220902  1129214  67 S24  12
20220902  1129222  61 S19  18
20220902  1129222  67 S24  12
20220903  1129854  28 N15  46
20220903  1129854  29 N14  45
20220903  1129854  34 N20  51
20220904  1130436  55 S13  24
20220904  1130436 nan nan  18
20220913  1134284  55 S13  24
20220913  1134284 nan nan  18
20220914  1134705  39 N25  56
20220914  1134705 nan nan   7
20220914  1134705 nan nan  11
20220914  1134705 nan nan  12
20220914  1134705 nan nan  17
20220914  1134721  25 N18  49
20220914  1134741  67 S24  12
20220914  1134741  73 S28   7
20220914  1134826  16  N2  33
20220914  1134826  17  N1  32
20220918  1136065  28 N15  46
20220918  1136065  33 N21  52
20221008  1139951  15  N3  34
20221008  1139951  21 N10  41
20220807  1118419 nan nan  17
20220807  1118419 nan nan  11
20220807  1118419 nan nan  5
20221014  1141631 nan nan  62
20221015  1141868 nan nan  44
20220805  1117978 nan nan  30
20220805  1117978 nan nan  37
20220820  1123596 nan nan  34
20220828  1126600 nan nan  10
20220828  1126600 nan nan  15
20220828  1126651 nan nan  12
20220828  1126651 nan nan  21
20220828  1126651 nan nan  27
20220828  1126651 nan nan  54
20220828  1126651 nan nan  55
20220828  1126738 nan nan  54
20220828  1126738 nan nan  59
20220828  1126738 nan nan  62
20220828  1126739 nan nan  12
20220828  1126739 nan nan  17
20220828  1126838 nan nan  46
20220828  1126838 nan nan  51
20220828  1126838 nan nan  52
20220828  1126838 nan nan  12
20220903  1129758 nan nan  40
20220903  1129768 nan nan  18
20220903  1129768 nan nan  39
20220903  1129768 nan nan  45
20220904  1130641 nan nan  19
20220904  1130642 nan nan  19
20220914  1134800 nan nan  2
20220914  1134800 nan nan  62
20220914  1134826 nan nan  33
20220915  1135159 nan nan  8
20220915  1135159 nan nan  50
20220915  1135159 nan nan  55
20220915  1135165 nan nan  24
20220915  1135165 nan nan  39
20220915  1135166 nan nan  37
20220918  1136085 nan nan  27
20220918  1136099 nan nan  24
20220918  1136099 nan nan  38
20220918  1136112 nan nan  3
20220918  1136112 nan nan  7
20220918  1136114 nan nan  1
20220918  1136114 nan nan  2
20220918  1136114 nan nan  58
20220918  1136117 nan nan  30
20220918  1136137 nan nan  46
20220918  1136137 nan nan  47
20220918  1136137 nan nan  52
20221014  1141596 nan nan  7
20221014  1141596 nan nan  51
20221014  1141596 nan nan  56
20221014  1141628 nan nan  4
20221014  1141628 nan nan  8
20221014  1141628 nan nan  59
20221014  1141628 nan nan  62
20221014  1141629 nan nan  4
20221014  1141629 nan nan  8
20221014  1141629 nan nan  59
20221014  1141629 nan nan  62
20221014  1141630 nan nan  4
20221014  1141630 nan nan  62
20221014  1141631 nan nan  4
20221014  1141631 nan nan  62
20221014  1141632 nan nan  4
20221014  1141632 nan nan  62
20221014  1141633 nan nan  62
20221015  1141857 nan nan  4
20221015  1141857 nan nan  62
#DECADE DR3_2
20220802  1117118  55 S13  24
20220811  1119947  66 S14  13
20220811  1119947  71 S20   8
20220811  1119953  66 S14  13
20220811  1119953  71 S20   8
20220814  1121716  66 S14  13
20220814  1121716  71 S20   8
20220815  1122051  12  N6  37
20220815  1122051  13  N5  36
20220815  1122051  19 N12  43
20220815  1122051  20 N11  42
20220815  1122051  50  S5  29
20220815  1122051  53  S2  26
20220815  1122051  54  S1  25
20220815  1122051  59  S9  20
20220815  1122051  60  S8  19
20220815  1122051  66 S14  13
20220824  1125150  66 S14  13
20220824  1125150  71 S20   8
20220824  1125151  66 S14  13
20220824  1125151  71 S20   8
20220824  1125156  66 S14  13
20220824  1125156  71 S20   8
20220824  1125157  66 S14  13
20220824  1125157  71 S20   8
20220824  1125162  66 S14  13
20220824  1125162  71 S20   8
20220824  1125163  66 S14  13
20220824  1125163  71 S20   8
20220824  1125168  66 S14  13
20220824  1125168  71 S20   8
20220824  1125169  66 S14  13
20220824  1125169  71 S20   8
20220824  1125174  66 S14  13
20220824  1125174  71 S20   8
20220824  1125175  66 S14  13
20220824  1125175  71 S20   8
20220828  1126701  66 S14  13
20220828  1126701  71 S20   8
20220828  1126706  66 S14  13
20220828  1126706  71 S20   8
20220828  1126707  66 S14  13
20220828  1126707  71 S20   8
20220828  1126713  66 S14  13
20220828  1126713  71 S20   8
20220828  1126718  66 S14  13
20220828  1126718  71 S20   8
20220828  1126719  66 S14  13
20220828  1126719  71 S20   8
20220828  1126725  66 S14  13
20220828  1126725  71 S20   8
20220904  1130430  55 S13  24
20220904  1130528  66 S14  13
20220904  1130528  71 S20   8
20220904  1130529  66 S14  13
20220904  1130529  71 S20   8
20220904  1130534  66 S14  13
20220904  1130534  71 S20   8
20220904  1130535  66 S14  13
20220904  1130535  71 S20   8
20220904  1130540  66 S14  13
20220904  1130540  71 S20   8
20220904  1130541  66 S14  13
20220904  1130541  71 S20   8
20220904  1130546  66 S14  13
20220904  1130546  71 S20   8
20220904  1130547  66 S14  13
20220904  1130547  71 S20   8
20220904  1130552  66 S14  13
20220904  1130552  71 S20   8
20220904  1130553  66 S14  13
20220904  1130553  71 S20   8
20220911  1133494  55 S13  24
20220911  1133540  66 S14  13
20220911  1133540  71 S20   8
20220911  1133541  66 S14  13
20220911  1133541  71 S20   8
20220911  1133546  66 S14  13
20220911  1133546  71 S20   8
20220911  1133547  66 S14  13
20220911  1133547  71 S20   8
20220911  1133552  66 S14  13
20220911  1133552  71 S20   8
20220911  1133553  66 S14  13
20220911  1133553  71 S20   8
20220911  1133559  66 S14  13
20220911  1133559  71 S20   8
20220911  1133564  66 S14  13
20220911  1133564  71 S20   8
20220911  1133565  66 S14  13
20220911  1133565  71 S20   8
20220913  1134379  66 S14  13
20220913  1134379  71 S20   8
20220913  1134380  66 S14  13
20220913  1134380  71 S20   8
20220913  1134385  66 S14  13
20220913  1134385  71 S20   8
20220913  1134386  66 S14  13
20220913  1134386  71 S20   8
20220913  1134391  66 S14  13
20220913  1134391  71 S20   8
20220913  1134392  66 S14  13
20220913  1134392  71 S20   8
20220913  1134397  66 S14  13
20220913  1134397  71 S20   8
20220913  1134398  66 S14  13
20220913  1134398  71 S20   8
20220913  1134403  66 S14  13
20220913  1134403  71 S20   8
20220913  1134404  66 S14  13
20220913  1134404  71 S20   8
20220914  1134806  73 S28   7
20220914  1134806  74 S27   6
20220914  1134806  79 S31   3
20220914  1134806 nan nan  11
20220914  1134904  32 N22  53
20220914  1134904  37 N27  58
20220914  1134904  38 N26  57
20220915  1135110  39 N25  56
20220915  1135110  44 N29  60
20220915  1135110  67 S24  12
20220915  1135110  68 S23  11
20220915  1135110  73 S28   7
20220915  1135110  74 S27   6
20220915  1135140  12  N6  37
20220915  1135140  13  N5  36
20220915  1135140  19 N12  43
20220915  1135140  25 N18  49
20220915  1135140  65 S15  14
20220915  1135140  66 S14  13
20220915  1135140  71 S20   8
20220917  1135611  11  N7  38
20220917  1135611  12  N6  37
20220917  1135611  17  N1  32
20220917  1135611  48  S7  31
20220917  1135611  49  S6  30
20220917  1135611  55 S13  24
20220917  1135669  21 N10  41
20220917  1135669  27 N16  47
20220917  1135680  27 N16  47
20220917  1135680  32 N22  53
20220917  1135680  33 N21  52
20220917  1135752  76 S25   4
20220918  1136161  73 S28   7
20220918  1136161  74 S27   6
20220918  1136161  79 S31   3
20220918  1136161 nan nan  11
20220918  1136164  76 S25   4
20221001  1137151  55 S13  24
20221001  1137250  66 S14  13
20221001  1137250  71 S20   8
20221001  1137251  66 S14  13
20221001  1137251  71 S20   8
20221001  1137256  66 S14  13
20221001  1137256  71 S20   8
20221001  1137257  66 S14  13
20221001  1137257  71 S20   8
20221001  1137262  66 S14  13
20221001  1137262  71 S20   8
20221001  1137263  66 S14  13
20221001  1137263  71 S20   8
20221001  1137268  66 S14  13
20221001  1137268  71 S20   8
20221001  1137269  66 S14  13
20221001  1137269  71 S20   8
20221001  1137274  66 S14  13
20221001  1137274  71 S20   8
20221001  1137275  66 S14  13
20221001  1137275  71 S20   8
20221005  1138489  66 S14  13
20221005  1138489  71 S20   8
20221005  1138495  66 S14  13
20221005  1138495  71 S20   8
20221005  1138501  66 S14  13
20221005  1138501  71 S20   8
20221005  1138507  66 S14  13
20221005  1138507  71 S20   8
20221005  1138513  66 S14  13
20221005  1138513  71 S20   8
20221005  1138638  43 N30  61
20221005  1138639  43 N30  61
20221005  1138639  44 N29  60
20221005  1138639 nan nan  57
20221005  1138648  79 S31   3
20221005  1138648 nan nan  56
20221005  1138648 nan nan  57
20221005  1138649  79 S31   3
20221005  1138649 nan nan  56
20221005  1138649 nan nan  57
20221009  1140271  66 S14  13
20221009  1140271  71 S20   8
20221009  1140289  66 S14  13
20221009  1140289  71 S20   8
20221009  1140295  66 S14  13
20221009  1140295  71 S20   8
20221010  1140615  55 S13  24
20221010  1140733  66 S14  13
20221010  1140733  71 S20   8
20221010  1140739  66 S14  13
20221010  1140739  71 S20   8
20221010  1140745  66 S14  13
20221010  1140745  71 S20   8
20221010  1140751  66 S14  13
20221010  1140751  71 S20   8
20221010  1140757  66 S14  13
20221010  1140757  71 S20   8
20221013  1141106  55 S13  24
20221013  1141283  66 S14  13
20221013  1141283  71 S20   8
20221013  1141284  66 S14  13
20221013  1141284  71 S20   8
20221013  1141289  66 S14  13
20221013  1141289  71 S20   8
20221013  1141290  66 S14  13
20221013  1141290  71 S20   8
20221013  1141295  66 S14  13
20221013  1141295  71 S20   8
20221013  1141296  66 S14  13
20221013  1141296  71 S20   8
20221013  1141301  66 S14  13
20221013  1141301  71 S20   8
20221013  1141302  66 S14  13
20221013  1141302  71 S20   8
20221013  1141307  66 S14  13
20221013  1141307  71 S20   8
20221013  1141308  66 S14  13
20221013  1141308  71 S20   8
20221016  1142183  66 S14  13
20221016  1142183  71 S20   8
20221016  1142184  66 S14  13
20221016  1142184  71 S20   8
20221016  1142189  66 S14  13
20221016  1142189  71 S20   8
20221016  1142190  66 S14  13
20221016  1142190  71 S20   8
20221016  1142195  66 S14  13
20221016  1142195  71 S20   8
20221016  1142196  66 S14  13
20221016  1142196  71 S20   8
20221016  1142201  66 S14  13
20221016  1142201  71 S20   8
20221016  1142202  66 S14  13
20221016  1142202  71 S20   8
20221016  1142207  66 S14  13
20221016  1142207  71 S20   8
20221019  1142649  66 S14  13
20221019  1142649  71 S20   8
20221019  1142650  71 S20   8
20221019  1142655  71 S20   8
20221019  1142656  71 S20   8
20221019  1142661  71 S20   8
20221019  1142662  71 S20   8
20221019  1142667  71 S20   8
20221019  1142668  71 S20   8
20221019  1142673  71 S20   8
20221019  1142674  71 S20   8
20221022  1143366  71 S20   8
20221022  1143367  71 S20   8
20221022  1143372  71 S20   8
20221022  1143373  71 S20   8
20221022  1143378  71 S20   8
20221022  1143383  71 S20   8
20221022  1143384  71 S20   8
20221022  1143389  71 S20   8
20221022  1143390  71 S20   8
20221025  1144149  71 S20   8
20221025  1144150  71 S20   8
20221025  1144155  71 S20   8
20221025  1144156  71 S20   8
20221028  1144903  71 S20   8
20221028  1144904  71 S20   8
20221028  1144909  71 S20   8
20221028  1144910  71 S20   8
20221028  1144915  71 S20   8
20221028  1144916  71 S20   8
20221028  1144921  71 S20   8
20221028  1144922  71 S20   8
20221028  1144927  71 S20   8
20221028  1144928  71 S20   8
20221031  1145694  71 S20   8
20221031  1145695  71 S20   8
20221031  1145700  71 S20   8
20221031  1145701  71 S20   8
20221031  1145706  71 S20   8
20221031  1145707  71 S20   8
20221031  1145715  71 S20   8
20221031  1145716  71 S20   8
20221031  1145721  71 S20   8
20221031  1145722  71 S20   8
20221103  1146814  71 S20   8
20221103  1146815  71 S20   8
20221103  1146820  71 S20   8
20221103  1146821  71 S20   8
20221103  1146826  71 S20   8
20221103  1146827  66 S14  13
20221103  1146827  71 S20   8
20221103  1146833  66 S14  13
20221103  1146833  71 S20   8
20221103  1146838  66 S14  13
20221103  1146838  71 S20   8
20221103  1146839  66 S14  13
20221103  1146839  71 S20   8
20221106  1148074  66 S14  13
20221106  1148074  71 S20   8
20221106  1148075  66 S14  13
20221106  1148075  71 S20   8
20221106  1148081  66 S14  13
20221106  1148081  71 S20   8
20221106  1148086  66 S14  13
20221106  1148086  71 S20   8
20221106  1148087  66 S14  13
20221106  1148087  71 S20   8
20221106  1148092  66 S14  13
20221106  1148092  71 S20   8
20221106  1148093  66 S14  13
20221106  1148093  71 S20   8
20221106  1148098  66 S14  13
20221106  1148098  71 S20   8
20221106  1148099  66 S14  13
20221106  1148099  71 S20   8
20221109  1149352  66 S14  13
20221109  1149352  71 S20   8
20221109  1149353  66 S14  13
20221109  1149353  71 S20   8
20221109  1149358  66 S14  13
20221109  1149358  71 S20   8
20221109  1149359  66 S14  13
20221109  1149359  71 S20   8
20221215  1156296  66 S14  13
20221215  1156296  71 S20   8
20221215  1156297  66 S14  13
20221215  1156297  71 S20   8
20221215  1156302  66 S14  13
20221215  1156302  71 S20   8
20221215  1156303  66 S14  13
20221215  1156303  71 S20   8
20221215  1156308  66 S14  13
20221215  1156308  71 S20   8
20221215  1156309  66 S14  13
20221215  1156309  71 S20   8
20221215  1156314  66 S14  13
20221215  1156314  71 S20   8
20221215  1156315  66 S14  13
20221215  1156315  71 S20   8
20221215  1156320  66 S14  13
20221215  1156320  71 S20   8
20221215  1156321  66 S14  13
20221215  1156321  71 S20   8
20221221  1158275  66 S14  13
20221221  1158275  71 S20   8
20221221  1158276  66 S14  13
20221221  1158276  71 S20   8
20221221  1158281  66 S14  13
20221221  1158281  71 S20   8
20221221  1158282  66 S14  13
20221221  1158282  71 S20   8
20221224  1159224  66 S14  13
20221224  1159224  71 S20   8
20221225  1159542  68 S23  11
20221225  1159542 nan nan  16
20221226  1159772  21 N10  41
20221226  1159772  27 N16  47
20221226  1159773  61 S19  18
20221226  1159773  67 S24  12
20221226  1159776  67 S24  12
20221226  1159776  73 S28   7
20221226  1159777  15  N3  34
20221226  1159777  21 N10  41
20221226  1159777  22  N9  40
20221226  1159777  28 N15  46
20221226  1159777  36 N28  59
20221227  1160162  66 S14  13
20221227  1160162  71 S20   8
20221228  1160557  38 N26  57
20221228  1160557  43 N30  61
20221229  1160791  67 S24  12
20221229  1160791  68 S23  11
20221229  1160791  73 S28   7
20221229  1160827  68 S23  11
20221229  1160827 nan nan  16
20221230  1161300  66 S14  13
20221230  1161300  71 S20   8
20230107  1163385  33 N21  52
20230107  1163385  38 N26  57
20230107  1163385  39 N25  56
20230107  1163385  62 S18  17
20230110  1164429  22  N9  40
20230110  1164429  23  N8  39
20230110  1164429  28 N15  46
20230110  1164429  29 N14  45
20230110  1164429 nan nan  10
20230110  1164429 nan nan  15
20230110  1164429 nan nan  16
20230110  1164456 nan nan   3
20230110  1164456 nan nan   6
20230110  1164456 nan nan   7
20230110  1164456 nan nan  11
20230110  1164475  11  N7  38
20230110  1164475  12  N6  37
20230122  1166445  28 N15  46
20230122  1166445  33 N21  52
20230122  1166445  34 N20  51
20230122  1166445  39 N25  56
20230122  1166450  28 N15  46
20230122  1166450  33 N21  52
20230122  1166450  34 N20  51
20230122  1166450  39 N25  56
20230122  1166464  14  N4  35
20230122  1166464  51  S4  28
20230122  1166465  50  S5  29
20230122  1166465  51  S4  28
20230122  1166465  56 S12  23
20230122  1166465  57 S11  22
20230122  1166484  11  N7  38
20230122  1166484  12  N6  37
20230122  1166484  48  S7  31
20230122  1166484  49  S6  30
20230122  1166484  55 S13  24
20230122  1166485  34 N20  51
20230122  1166485  39 N25  56
20230122  1166486  71 S20   8
20230122  1166487  12  N6  37
20230122  1166487  18 N13  44
20230122  1166487  19 N12  43
20230127  1167850  12  N6  37
20230127  1167850  13  N5  36
20230127  1167850  14  N4  35
20230127  1167850  15  N3  34
20230127  1167850  16  N2  33
20230127  1167850  17  N1  32
20230127  1167850  18 N13  44
20230127  1167850  19 N12  43
20230127  1167850  20 N11  42
20230127  1167850  21 N10  41
20230127  1167850  22  N9  40
20230127  1167850  23  N8  39
20230127  1167850  24 N19  50
20230127  1167850  25 N18  49
20230127  1167850  26 N17  48
20230127  1167850  27 N16  47
20230127  1167850  31 N23  54
20230127  1167850  32 N22  53
20230127  1167850  49  S6  30
20230127  1167850  50  S5  29
20230127  1167850  51  S4  28
20230127  1167850  52  S3  27
20230127  1167850  53  S2  26
20230127  1167850  54  S1  25
20230127  1167850  56 S12  23
20230127  1167850  57 S11  22
20230127  1167850  58 S10  21
20230127  1167850  59  S9  20
20230127  1167850  60  S8  19
20230127  1167850  62 S18  17
20230127  1167850  63 S17  16
20230127  1167850  64 S16  15
20230127  1167850  65 S15  14
20230127  1167850  66 S14  13
20230127  1167850  69 S22  10
20230127  1167850  70 S21   9
20230127  1167850  71 S20   8
20230127  1167850  75 S26   5
20230127  1167850  76 S25   4
20230127  1167850  81 S29   1
20230127  1167851 nan nan   4
20230127  1167851  12  N6  37
20230127  1167851  18 N13  44
20230127  1167851  19 N12  43
20230127  1167851  20 N11  42
20230127  1167851  24 N19  50
20230127  1167851  25 N18  49
20230127  1167851  26 N17  48
20230127  1167851  31 N23  54
20230127  1167851  32 N22  53
20230127  1167851  36 N28  59
20230127  1167851  37 N27  58
20230127  1167851  42 N31  62
20230127  1167851  43 N30  61
20230127  1167851  65 S15  14
20230127  1167851  70 S21   9
20230127  1167851  71 S20   8
20230127  1167856  79 S31   3
20230127  1167856 nan nan  60
20230127  1167894  56 S12  23
20230127  1167894  61 S19  18
20230127  1167894  62 S18  17
20230127  1167894 nan nan  12
20230127  1167937  75 S26   5
20230127  1167937  76 S25   4
20230127  1167937  81 S29   1
20230301  1178964  58 S10  21
20230301  1178995  68 S23  11
20230301  1178995 nan nan  16
20230301  1179020  69 S22  10
20230301  1179020  74 S27   6
20230301  1179020  75 S26   5
20230301  1179029 nan nan  41
20230302  1179307  16  N2  33
20230302  1179307  17  N1  32
20230302  1179307  23  N8  39
20230302  1179338  11  N7  38
20230302  1179338  48  S7  31
20230302  1179338 nan nan  30
20230302  1179359  11  N7  38
20230302  1179359  12  N6  37
20230302  1179359  18 N13  44
20230302  1179359  48  S7  31
20230302  1179359  49  S6  30
20230302  1179359 nan nan  26
20230302  1179359 nan nan  33
20230311  1183252  69 S22  10
20230311  1183287  12  N6  37
20230311  1183305  13  N5  36
20230311  1183305  14  N4  35
20230311  1183305  50  S5  29
20230311  1183305  51  S4  28
20230311  1183305  57 S11  22
20230311  1183345  29 N14  45
20230311  1183345  34 N20  51
20230311  1183355  11  N7  38
20230311  1183355  12  N6  37
20230311  1183355  17  N1  32
20230311  1183355  18 N13  44
20230311  1183355  53  S2  26
20230311  1183355  54  S1  25
20230311  1183355  60  S8  19
20230311  1183364  38 N26  57
20230311  1183364  43 N30  61
20230311  1183364  44 N29  60
20230328  1188785  44 N29  60
20230328  1188786 nan nan   1
20230328  1188786 nan nan   4
20230328  1188797  50  S5  29
20230328  1188797  57 S11  22
20230328  1188852  12  N6  37
20230328  1188852  13  N5  36
20230328  1188852  19 N12  43
20230328  1188852 nan nan  46
20230331  1189890  20 N11  42
20230331  1189890  21 N10  41
20230331  1189907  79 S31   3
20230331  1189992  80 S30   2
20230331  1189992  50  S5  29
20230331  1189992  51  S4  28
20230331  1189992  57 S11  22
20230331  1190007  14  N4  35
20230331  1190007  15  N3  34
20230331  1190007  21 N10  41
20230331  1190007  50  S5  29
20230331  1190007  51  S4  28
20230331  1190007  52  S3  27
20230331  1190007  56 S12  23
20230331  1190007  57 S11  22
20230331  1190008  24 N19  50
20230331  1190014  12  N6  37
20230331  1190014  17  N1  32
20230331  1190014  18 N13  44
20230331  1190014  19 N12  43
20230331  1190014  49  S6  30
20230331  1190014  54  S1  25
20230331  1190014  60  S8  19
20230331  1190018  11  N7  38
20230331  1190018  15  N3  34
20230331  1190018  16  N2  33
20230331  1190018  22  N9  40
20230331  1190018  48  S7  31
20230331  1190018  49  S6  30
20230331  1190018  52  S3  27
20230331  1190018  53  S2  26
20230331  1190018  55 S13  24
20230406  1191096  24 N19  50
20230406  1191096  25 N18  49
20230406  1191096  30 N24  55
20230406  1191096  65 S15  14
20230406  1191096  71 S20   8
20230406  1191096  76 S25   4
20230406  1191098  37 N27  58
20230406  1191098  42 N31  62
20230406  1191098  43 N30  61
20230406  1191178  79 S31   3
20230406  1191178  80 S30   2
20230412  1193880  12  N6  37
20230412  1193880  13  N5  36
20230412  1193880  14  N4  35
20230412  1193880  15  N3  34
20230412  1193880  16  N2  33
20230412  1193880  18 N13  44
20230412  1193880  19 N12  43
20230412  1193880  20 N11  42
20230412  1193880  21 N10  41
20230412  1193880  22  N9  40
20230412  1193880  24 N19  50
20230412  1193880  25 N18  49
20230412  1193880  26 N17  48
20230412  1193880  27 N16  47
20230412  1193880  28 N15  46
20230412  1193880  30 N24  55
20230412  1193880  31 N23  54
20230412  1193880  32 N22  53
20230412  1193880  33 N21  52
20230412  1193880  36 N28  59
20230412  1193880  37 N27  58
20230412  1193880  38 N26  57
20230412  1193880  39 N25  56
20230412  1193880  42 N31  62
20230412  1193880  43 N30  61
20230412  1193880  44 N29  60
20230412  1193880  49  S6  30
20230412  1193880  50  S5  29
20230412  1193880  51  S4  28
20230412  1193880  52  S3  27
20230412  1193880  53  S2  26
20230412  1193880  56 S12  23
20230412  1193880  57 S11  22
20230412  1193880  58 S10  21
20230412  1193880  59  S9  20
20230412  1193880  62 S18  17
20230412  1193880  63 S17  16
20230412  1193880  64 S16  15
20230412  1193880  65 S15  14
20230412  1193880  68 S23  11
20230412  1193880  69 S22  10
20230412  1193880  70 S21   9
20230413  1194289  48  S7  31
20230413  1194289  49  S6  30
20230413  1194301  75 S26   5
20230413  1194301  80 S30   2
20230413  1194301  11  N7  38
20230413  1194301  48  S7  31
20230413  1194301  49  S6  30
20230413  1194302  33 N21  52
20230413  1194302  39 N25  56
20230413  1194302  44 N29  60
20230415  1195012  50  S5  29
20230415  1195012 nan nan  36
20230415  1195013 nan nan   1
20230415  1195013 nan nan   2
20230415  1195013 nan nan   5
20230415  1195027  31 N23  54
20230415  1195041  12  N6  37
20230415  1195041  13  N5  36
20230415  1195041  19 N12  43
20230415  1195107  62 S18  17
20230415  1195107  67 S24  12
20230415  1195107 nan nan  45
20230415  1195107 nan nan  51
20230415  1195119  16  N2  33
20230415  1195119  17  N1  32
20230415  1195119  22  N9  40
20230415  1195119  23  N8  39
20230415  1195119  29 N14  45
20230415  1195119  49  S6  30
20230415  1195119  50  S5  29
20230415  1195119  56 S12  23
20230415  1195119  57 S11  22
20230415  1195121  70 S21   9
20230415  1195121  75 S26   5
20230416  1195330  50  S5  29
20230416  1195330 nan nan  36
20230415  1195331 nan nan   1
20230415  1195331 nan nan   2
20230415  1195331 nan nan   5
20230416  1195334  12  N6  37
20230416  1195334  13  N5  36
20230416  1195334  19 N12  43
20230418  1196238  16  N2  33
20230418  1196238  17  N1  32
20230418  1196238  23  N8  39
20230418  1196238  53  S2  26
20230418  1196238  54  S1  25
20230418  1196304  70 S21   9
20230418  1196304  75 S26   5
20230418  1196307  24 N19  50
20230418  1196307  30 N24  55
20230418  1196326  71 S20   8
20230418  1196326  76 S25   4
20230419  1196574  74 S27   6
20230419  1196574  80 S30   2
20230419  1196574 nan nan  10
20230419  1196592  58 S10  21
20230419  1196592  59  S9  20
20230419  1196592  64 S16  15
20230419  1196592  65 S15  14
20230419  1196652  81 S29   1
20230419  1196652 nan nan  59
20230419  1196652 nan nan  62
20230419  1196665  48  S7  31
20230419  1196665  49  S6  30
20230422  1197214  30 N24  55
20230422  1197214  36 N28  59
20230422  1197214  61 S19  18
20230422  1197214  67 S24  12
20230422  1197295  24 N19  50
20230422  1197295  25 N18  49
20230422  1197295  30 N24  55
20230422  1197295  71 S20   8
20230422  1197295  76 S25   4
20230422  1197307  14  N4  35
20230422  1197307  15  N3  34
20230422  1197307  20 N11  42
20230422  1197307  21 N10  41
20230422  1197307  50  S5  29
20230422  1197307  51  S4  28
20230422  1197307  52  S3  27
20230422  1197307  57 S11  22
20230428  1199453  75 S26   5
20230428  1199453  80 S30   2
20230428  1199453 nan nan  10
20230430  1200214  15  N3  34
20230430  1200214  16  N2  33
20230430  1200214  22  N9  40
20230430  1200250  37 N27  58
20230430  1200250  38 N26  57
20230430  1200250  43 N30  61
20230430  1200286  11  N7  38
20230430  1200286  16  N2  33
20230430  1200286  17  N1  32
20230430  1200286  18 N13  44
20230430  1200286  48  S7  31
20230430  1200286  49  S6  30
20230430  1200286  55 S13  24
20230430  1200286  61 S19  18
20230508  1200475  68 S23  11
20230508  1200475  69 S22  10
20230508  1200475  74 S27   6
20230508  1200491  15  N3  34
20230508  1200491  16  N2  33
20230508  1200519  75 S26   5
20230508  1200521  26 N17  48
20230508  1200521  31 N23  54
20230508  1200521  32 N22  53
20230508  1200521  36 N28  59
20230508  1200521  37 N27  58
20230508  1200531  51  S4  28
20230508  1200531  57 S11  22
20230508  1200531  63 S17  16
20230508  1200542  48  S7  31
20230508  1200542  55 S13  24
20230508  1200542 nan nan  30
20230508  1200564  12  N6  37
20230508  1200564  13  N5  36
20230508  1200564  14  N4  35
20230508  1200564  15  N3  34
20230508  1200564  16  N2  33
20230508  1200564  17  N1  32
20230508  1200564  18 N13  44
20230508  1200564  19 N12  43
20230508  1200564  20 N11  42
20230508  1200564  21 N10  41
20230508  1200564  22  N9  40
20230508  1200564  23  N8  39
20230508  1200564  25 N18  49
20230508  1200564  26 N17  48
20230508  1200564  27 N16  47
20230508  1200564  28 N15  46
20230508  1200564  29 N14  45
20230508  1200564  31 N23  54
20230508  1200564  32 N22  53
20230508  1200564  49  S6  30
20230508  1200564  50  S5  29
20230508  1200564  51  S4  28
20230508  1200564  52  S3  27
20230508  1200564  53  S2  26
20230508  1200564  54  S1  25
20230508  1200564  56 S12  23
20230508  1200564  57 S11  22
20230508  1200564  58 S10  21
20230508  1200564  59  S9  20
20230508  1200564  60  S8  19
20230508  1200564  62 S18  17
20230508  1200564  63 S17  16
20230508  1200564  64 S16  15
20230508  1200564  65 S15  14
20230508  1200564  66 S14  13
20230508  1200564  68 S23  11
20230508  1200564  69 S22  10
20230508  1200564  70 S21   9
20230508  1200564  71 S20   8
20230508  1200564  75 S26   5
20230508  1200564  76 S25   4
20230508  1200567  11  N7  38
20230508  1200567  16  N2  33
20230508  1200567  17  N1  32
20230508  1200567  18 N13  44
20230508  1200567  48  S7  31
20230508  1200567  49  S6  30
20230508  1200567  55 S13  24
20230508  1200567  61 S19  18
20230508  1200567 nan nan  39
20230508  1200567 nan nan  45
20230508  1200567 nan nan  40
20230508  1200567 nan nan  46
20230508  1200567 nan nan  47
20230508  1200567 nan nan  41
20230508  1200567 nan nan  27
20230508  1200634  15  N3  34
20230508  1200634  16  N2  33
20230508  1200634  22  N9  40
20230508  1200639  37 N27  58
20230508  1200639  38 N26  57
20230508  1200639  43 N30  61
20230510  1201564  11  N7  38
20230510  1201564  16  N2  33
20230510  1201564  17  N1  32
20230510  1201564  18 N13  44
20230510  1201564  48  S7  31
20230510  1201564  49  S6  30
20230510  1201564  55 S13  24
20230510  1201564  61 S19  18
20230510  1201571  17  N1  32
20230510  1201571  54  S1  25
20230513  1202654  15  N3  34
20230513  1202654  52  S3  27
20230513  1202683  14  N4  35
20230513  1202683  51  S4  28
20230518  1204421  14  N4  35
20230518  1204421  51  S4  28
20230519  1204772  14  N4  35
20230519  1204772  20 N11  42
20230519  1204772  21 N10  41
20230519  1204772 nan nan  10
20230519  1204773  16  N2  33
20230519  1204777  14  N4  35
20230519  1204777  51  S4  28
20230602  1209462  79 S31   3
20230602  1209462 nan nan  60
20230602  1209462 nan nan  61
20230602  1209522  43 N30  61
20230605  1210932  37 N27  58
20230605  1210932  42 N31  62
20230605  1210932  43 N30  61
20230605  1211013  16  N2  33
20230605  1211013  17  N1  32
20230605  1211013  22  N9  40
20230605  1211013  23  N8  39
20230605  1211013  29 N14  45
20230605  1211013  49  S6  30
20230605  1211013  50  S5  29
20230605  1211013  56 S12  23
20230605  1211013  57 S11  22
20230605  1211120  42 N31  62
20230611  1213093  75 S26   5
20230611  1213093  80 S30   2
20230611  1213097  62 S18  17
20230611  1213097  67 S24  12
20230611  1213097  68 S23  11
20230614  1214163  19 N12  43
20230614  1214163  20 N11  42
20230614  1214163  25 N18  49
20230614  1214163  26 N17  48
20230614  1214163 nan nan  54
20230614  1214163 nan nan  55
20230614  1214231  19 N12  43
20230614  1214231  20 N11  42
20230614  1214231  25 N18  49
20230614  1214231  26 N17  48
20230614  1214268  14  N4  35
20230614  1214268  20 N11  42
20230614  1214268  21 N10  41
20230614  1214332  15  N3  34
20230614  1214332  21 N10  41
20230614  1214334  42 N31  62
20230614  1214334 nan nan   1
20230614  1214334 nan nan   4
20230615  1214577  42 N31  62
20230615  1214577  75 S26   5
20230615  1214577  80 S30   2
20230615  1214596  23  N8  39
20230615  1214596  29 N14  45
20230615  1214597 nan nan  1 
20230615  1214597 nan nan  4
20230615  1214598  24 N19  50
20230615  1214598  25 N18  49
20230615  1214598  30 N24  55
20230615  1214598  59  S9  20
20230615  1214598  60  S8  19
20230615  1214598  65 S15  14
20230615  1214598  66 S14  13
20230615  1214598  70 S21   9
20230615  1214598  71 S20   8
20230615  1214599  12  N6  37
20230615  1214599  13  N5  36
20230615  1214599  14  N4  35
20230615  1214599  15  N3  34
20230615  1214599  18 N13  44
20230615  1214599  19 N12  43
20230615  1214599  20 N11  42
20230615  1214599  21 N10  41
20230615  1214599  22  N9  40
20230615  1214599  24 N19  50
20230615  1214599  25 N18  49
20230615  1214599  26 N17  48
20230615  1214599  27 N16  47
20230615  1214599  28 N15  46
20230615  1214599  30 N24  55
20230615  1214599  31 N23  54
20230615  1214599  32 N22  53
20230615  1214599  33 N21  52
20230615  1214599  49  S6  30
20230615  1214599  50  S5  29
20230615  1214599  51  S4  28
20230615  1214599  52  S3  27
20230615  1214599  53  S2  26
20230615  1214599  54  S1  25
20230615  1214599  56 S12  23
20230615  1214599  57 S11  22
20230615  1214599  58 S10  21
20230615  1214599  59  S9  20
20230615  1214599  60  S8  19
20230615  1214599  62 S18  17
20230615  1214599  63 S17  16
20230615  1214599  64 S16  15
20230615  1214599  65 S15  14
20230615  1214599  66 S14  13
20230615  1214599  70 S21   9
20230615  1214599  71 S20   8
20230615  1214599  75 S26   5
20230615  1214599  76 S25   4
20230615  1214599  80 S30   2
20230615  1214599  81 S29   1
20230615  1214600  24 N19  50
20230615  1214600  30 N24  55
20230615  1214640  11  N7  38
20230615  1214640  48  S7  31
20230615  1214640 nan nan  30
20230615  1214640 nan nan  25
20230615  1214640 nan nan  32
20230615  1214640 nan nan  39
20230615  1214660  30 N24  55
20230615  1214660  36 N28  59
20230615  1214684  16  N2  33
20230615  1214684  17  N1  32
20230615  1214684  53  S2  26
20230615  1214684  54  S1  25
20230615  1214685  16  N2  33
20230615  1214685  17  N1  32
20230615  1214685  53  S2  26
20230615  1214685  54  S1  25
20230617  1215638  43 N30  61
20230623  1217076  81 S29   1
20230623  1217076 nan nan   4
20230623  1217112  39 N25  56
20230623  1217112  44 N29  60
20230623  1217112  67 S24  12
20230623  1217112  68 S23  11
20230623  1217112  73 S28   7
20230623  1217112  74 S27   6
20230702  1218560  33 N21  52
20230712  1220898  27 N16  47
20230712  1220898  32 N22  53
20230712  1220898  33 N21  52
20220815  1122120  57 S11  22
20220818  1123045  66 S14  13
20220818  1123048  66 S14  13
20220818  1123048 nan nan  19
20220818  1123049  66 S14  13
20220818  1123049 nan nan  19
20220818  1123050  66 S14  13
20220818  1123051  71 S20   8
20220818  1123051 nan nan  13
20220818  1123051 nan nan  14
20220818  1123051 nan nan  7
20220818  1123051 nan nan  12
20220818  1123069  66 S14  13
20220818  1123072  66 S14  13
20220819  1123302  66 S14  13
20220819  1123302  71 S20   8
20220819  1123303  71 S20   8
20220819  1123303  76 S25   4
20220819  1123303 nan nan   9
20220819  1123303 nan nan  56
20220828  1126692  52  S3  27
20220828  1126692  53  S2  26
20220828  1126692  59  S9  20
20220904  1130520  52  S3  27
20220904  1130520  53  S2  26
20220904  1130520  59  S9  20
20221001  1137158  24 N19  50
20221001  1137158  25 N18  49
20221001  1137158  30 N24  55
20221010  1140647  24 N19  50
20221010  1140647  25 N18  49
20221010  1140647  30 N24  55
20221010  1140685  17  N1  32
20221010  1140685  54  S1  25
20221013  1141112  24 N19  50
20221013  1141112  25 N18  49
20221013  1141112  30 N24  55
20221013  1141112 nan nan  1
20221013  1141123  24 N19  50
20221013  1141123  25 N18  49
20221013  1141123  30 N24  55
20221013  1141123 nan nan  43
20221013  1141124  24 N19  50
20221013  1141124  25 N18  49
20221013  1141124  30 N24  55
20221013  1141197  17  N1  32
20221013  1141197  54  S1  25
20221016  1142208  66 S14  13
20221016  1142208  71 S20   8
20221019  1142631  17  N1  32
20221019  1142631  54  S1  25
20221028  1144814  30 N24  55
20221028  1144814  31 N23  54
20221028  1144814  36 N28  59
20221028  1144814  71 S20   8
20221028  1144814 nan nan   4
20221028  1144863  17  N1  32
20221028  1144863  54  S1  25
20221103  1146832  66 S14  13
20221103  1146832  71 S20   8
20221109  1149365  71 S20   8
20221109  1149370  71 S20   8
20221109  1149371  71 S20   8
20221109  1149377  71 S20   8
20221212  1155008  71 S20   8
20221212  1155009  71 S20   8
20221212  1155014  71 S20   8
20221212  1155015  71 S20   8
20221212  1155020  71 S20   8
20221212  1155021  71 S20   8
20221212  1155027  71 S20   8
20230310  1182953 nan nan   8
20230311  1183326  39 N25  56
20230311  1183326  44 N29  60
20230406  1191141  17  N1  32
20230406  1191141  23  N8  39
20230602  1209493  29 N14  45
20230605  1210925  29 N14  45
20230605  1210925  34 N20  51
20230616  1215359  58 S10  21
20230616  1215371  43 N30  61
20230616  1215371  44 N29  60
20230620  1216608  68 S23  11
20230620  1216608  73 S28   7
20230620  1216608  74 S27   6
20230620  1216609  68 S23  11
20230620  1216609  73 S28   7
20230620  1216609  74 S27   6
20230701  1218211  17  N1  32
20230701  1218211  54  S1  25
20230715  1221994  62 S18  17
20230715  1221994  67 S24  12
20230715  1221994  68 S23  11
20230715  1221999  75 S26   5
20230715  1221999  80 S30   2
20230715  1222079  16  N2  33
20230715  1222079  17  N1  32
20230716  1222556  38 N26  57
20230716  1222556  43 N30  61
20230718  1223084  20 N11  42
20230718  1223084  26 N17  48
20230722  1224149  63 S17  16
20230722  1224149  68 S23  11
20230723  1224376  68 S23  11
20230723  1224376  73 S28   7
20230723  1224376  74 S27   6
20230723  1224376 nan nan  16
20230723  1224377  68 S23  11
20230723  1224377  69 S22  10
20230723  1224377 nan nan  16
20230723  1224380  68 S23  11
20230723  1224380  73 S28   7
20230723  1224380  74 S27   6
20230723  1224381  68 S23  11
20230723  1224381  73 S28   7
20230723  1224381  74 S27   6
20230723  1224382  68 S23  11
20230723  1224382  73 S28   7
20230723  1224382  74 S27   6
20230727  1225486  70 S21   9
20230727  1225486  71 S20   8
20230727  1225486  75 S26   5
20230727  1225487  69 S22  10
20230727  1225487  70 S21   9
20230727  1225487  75 S26   5
20230728  1226207  17  N1  32
20230728  1226207  54  S1  25
20230729  1226470  80 S30   2
20230729  1226471  34 N20  51
20230729  1226501  15  N3  34
20230729  1226501  16  N2  33
20230729  1226501  22  N9  40
20230729  1226633  34 N20  51
20230729  1226633  39 N25  56
20230730  1227078  62 S18  17
20230730  1227078  67 S24  12
20230730  1227078  68 S23  11
20230730  1227103  61 S19  18
20230730  1227103  62 S18  17
20230730  1227103  67 S24  12
20230730  1227103  73 S28   7
20230730  1227112  26 N17  48
20230730  1227112  31 N23  54
20230730  1227112  32 N22  53
20230730  1227112  36 N28  59
20230730  1227112  37 N27  58
20230730  1227112  51  S4  28
20230730  1227112  52  S3  27
20230730  1227112  57 S11  22
20230730  1227112  58 S10  21
20230730  1227112  63 S17  16
20230730  1227112  64 S16  15
20230731  1227589  17  N1  32
20230731  1227589  54  S1  25
20220801  1116701 nan nan  13
20220801  1116701 nan nan  44
20220801  1116701 nan nan  50
20220801  1116702 nan nan  13
20220801  1116702 nan nan  19
20220801  1116702 nan nan  44
20220801  1116702 nan nan  50
20220801  1116703 nan nan  13
20220801  1116703 nan nan  19
20220801  1116704 nan nan  13
20220801  1116704 nan nan  19
20220801  1116704 nan nan  20
20220802  1117125 nan nan  13
20220802  1117125 nan nan  19
20220802  1117125 nan nan  44
20220802  1117125 nan nan  50
20220802  1117125 nan nan  25
20220802  1117126 nan nan  17
20220802  1117126 nan nan  23
20220802  1117126 nan nan  24
20220802  1117126 nan nan  30
20220802  1117126 nan nan  39
20220802  1117126 nan nan  45
20220802  1117130 nan nan  22
20220802  1117130 nan nan  28
20220802  1117130 nan nan  29
20220802  1117130 nan nan  34
20220802  1117130 nan nan  35
20220802  1117130 nan nan  36
20220802  1117130 nan nan  40
20220802  1117130 nan nan  41
20220802  1117140 nan nan  34
20220802  1117140 nan nan  40
20220802  1117140 nan nan  41
20220818  1123041 nan nan  13
20220818  1123041 nan nan  19
20220818  1123041 nan nan  44
20220818  1123041 nan nan  50
20220818  1123042 nan nan  13
20220818  1123042 nan nan  19
20220824  1125111 nan nan  27
20220824  1125111 nan nan  28
20220824  1125111 nan nan  30
20220824  1125111 nan nan  34
20220824  1125111 nan nan  35
20220828  1126571 nan nan  18
20220828  1126582 nan nan  18
20220828  1126584 nan nan  13
20220828  1126585 nan nan  13
20220828  1126623 nan nan  39
20220828  1126623 nan nan  40
20220828  1126623 nan nan  45
20220828  1126631 nan nan  27
20220828  1126631 nan nan  28
20220828  1126631 nan nan  34
20220828  1126631 nan nan  35
20220828  1126632 nan nan  27
20220828  1126632 nan nan  28
20220828  1126632 nan nan  30
20220828  1126632 nan nan  34
20220828  1126632 nan nan  35
20220828  1126634 nan nan  22
20220828  1126634 nan nan  28
20220828  1126634 nan nan  29
20220828  1126634 nan nan  34
20220828  1126634 nan nan  35
20220828  1126634 nan nan  36
20220828  1126634 nan nan  40
20220828  1126634 nan nan  41
20220828  1126635 nan nan  35
20220904  1130457 nan nan  27
20220904  1130457 nan nan  28
20220904  1130457 nan nan  30
20220904  1130457 nan nan  34
20220904  1130457 nan nan  35
20221001  1137113 nan nan  18
20221001  1137114 nan nan  18
20221001  1137114 nan nan  13
20221013  1141067 nan nan  18
20221013  1141078 nan nan  18
20221013  1141115 nan nan  46
20221013  1141115 nan nan  47
20221013  1141115 nan nan  52
20221013  1141116 nan nan  28
20221013  1141116 nan nan  29
20221013  1141116 nan nan  34
20221013  1141116 nan nan  35
20221013  1141116 nan nan  41
20221028  1144817 nan nan  15
20221028  1144817 nan nan  16
20221028  1144817 nan nan  47
20221028  1144817 nan nan  48
20221028  1144817 nan nan  53
20230310  1182971 nan nan  20
20230310  1182971 nan nan  20
20230620  1216606 nan nan  11
20230620  1216606 nan nan  16
20230620  1216606 nan nan  17
20230723  1224379 nan nan  11
20230723  1224379 nan nan  16
20230723  1224379 nan nan  17
20230727  1225452 nan nan  3

