#date     expnum ccd id ccdnum
20121101  145507 nan nan 14
20121101  145507  66 S14  13
20121101  145507  70 S21   9
20121101  145507  71 S20   8
20121101  145507  76 S25   4
20121103  146600 nan nan  14
20121103  146600  66 S14  13
20121103  146600  70 S21   9
20121103  146600  71 S20   8
20121103  146600  75 S26   5
20121103  146600  76 S25   4
20121103  146603 nan nan  15
20121103  146603 nan nan  14
20121103  146603  66 S14  13
20121103  146603  71 S20   9
20121103  146603  71 S20   8
20121103  146603  75 S26   5
20121103  146603  76 S25   4
20121106  148244  65 S15  14
20121106  148244  66 S14  13
20121106  148244  70 S21   9
20121106  148244  71 S20   8
20121106  148244  75 S26   5
20121106  148244  76 S25   4
20121106  148247 nan nan  14
20121106  148247  66 S14  13
20121106  148247  70 S21   9
20121106  148247  71 S20   8
20121106  148247  76 S25   4
20121106  148248  66 S14  13
20121106  148248  71 S20   8
20121106  148248  75 S26   5
20121106  148248  76 S25   4
20121106  148248  80 S30   2
20121106  148248  81 S29   1
20121106  148250 nan nan  14
20121106  148250  66 S14  13
20121106  148250  71 S20   9
20121106  148250  71 S20   8
20121106  148250  75 S26   5
20121106  148250  76 S25   4
20121107  148661  18 N13  44
20121107  148661  19 N12  43
20121107  148661  24 N19  50
20121107  148661  25 N18  49
20121107  148661  30 N24  55
20121107  148664  18 N13  44
20121107  148664  19 N12  43
20121107  148664  24 N19  50
20121107  148664  25 N18  49
20121107  148664  30 N24  55
20121107  148667  18 N13  44
20121107  148667  19 N12  43
20121107  148667  24 N19  50
20121107  148667  25 N18  49
20121107  148667  30 N24  55
20121107  148672  18 N13  44
20121107  148672  19 N12  43
20121107  148672  24 N19  50
20121107  148672  25 N18  49
20121107  148672  30 N24  55
20121107  148675  18 N13  44
20121107  148675  19 N12  43
20121107  148675  24 N19  50
20121107  148675  25 N18  49
20121107  148675  30 N24  55
20121107  148681  17  N1  32
20121107  148681  23  N8  39
20121107  148681  43 N30  61
20121107  148684  17  N1  32
20121107  148684  23  N8  39
20121107  148684  43 N30  61
20121107  148687  17  N1  32
20121107  148687  23  N8  39
20121107  148687  43 N30  61
20121107  148690  17  N1  32
20121107  148690  23  N8  39
20121107  148690  43 N30  61
20121124  155389  29 N14  45
20121124  155389  34 N20  51
20121124  155390  29 N14  45
20121124  155390  34 N20  51
20121201  157277  37 N27  58
20121201  157277  38 N26  57
20121201  157277  43 N30  61
20121201  157277  44 N29  60
20121201  157278  32 N22  53
20121201  157278  33 N21  52
20121201  157278  37 N27  58
20121201  157278  38 N26  57
20121201  157278  39 N25  56
20121201  157278  43 N30  61
20121201  157278  44 N29  60
20121201  157286 nan nan   3
20121201  157286 nan nan   6
20121201  157286 nan nan   7
20121201  157286  24 N19  50
20121201  157329  73 S28   7
20121201  157329  79 S31   3
20121201  157329 nan nan  50
20121201  157329 nan nan  55
20121210  160150  81 S29   1
20121210  160152  55 S13  24
20121210  160152 nan nan  23
20121210  160158  61 S19  18
20121210  160169  55 S13  24
20121210  160169 nan nan  23
20121210  160175  61 S19  18
20121210  160175 nan nan  38
20121210  160187  55 S13  24
20121210  160187 nan nan  23
20121210  160197  61 S19  18
20121210  160199  56 S12  23
20121210  160199 nan nan  18
20121210  160199 nan nan  24
20121210  160212  56 S12  23
20121210  160228  56 S12  23
20121213  161084 nan nan   8
20121213  161085  76 S25   4
20121213  161086  76 S25   4
20121213  161086 nan nan   8
20121213  161087  76 S25   4
20121213  161088  76 S25   4
20121213  161099 nan nan   8
20121213  161100  76 S25   4
20121213  161100 nan nan   8
20121213  161101  76 S25   4
20121213  161101 nan nan   8
20121213  161102  76 S25   4
20130103  164989  79 S31   3
20130103  164998  79 S31   3
20130103  165008  79 S31   3
20130103  165017  79 S31   3
20130103  165017 nan nan   7
20130103  165026  79 S31   3
20130103  165026 nan nan   7
20130103  165071  61 S19  18
20130103  165071  62 S18  17
20130103  165071  67 S24  12
20130103  165072  61 S19  18
20130103  165072  62 S18  17
20130103  165072  67 S24  12
20130103  165091  61 S19  18
20130103  165091  62 S18  17
20130103  165091  67 S24  12
20130103  165092  61 S19  18
20130103  165092  62 S18  17
20130103  165092  67 S24  12
20130103  165101  61 S19  18
20130103  165101  62 S18  17
20130103  165101  67 S24  12
20130103  165102  61 S19  18
20130103  165102  62 S18  17
20130103  165102  67 S24  12
20130103  165102  68 S23  11
20130103  165102  73 S28   7
20130104  165480  79 S31   3
20130104  165480 nan nan   7
20130104  165490  79 S31   3
20130104  165490 nan nan   7
20130104  165500  79 S31   3
20130104  165500 nan nan   7
20130104  165510  79 S31   3
20130104  165510 nan nan   7
20130104  165555  61 S19  18
20130104  165555  62 S18  17
20130104  165555  67 S24  12
20130104  165556  61 S19  18
20130104  165556  62 S18  17
20130104  165556  67 S24  12
20130104  165565  61 S19  18
20130104  165565  62 S18  17
20130104  165565  67 S24  12
20130104  165566  55 S13  24
20130104  165566  56 S12  23
20130104  165566  61 S19  18
20130104  165566  62 S18  17
20130104  165566  67 S24  12
20130104  165566  68 S23  11
20130104  165566  73 S28   7
20130104  165575  55 S13  24
20130104  165575  56 S12  23
20130104  165575  61 S19  18
20130104  165575  62 S18  17
20130104  165575  67 S24  12
20130104  165575  68 S23  11
20130104  165575  73 S28   7
20130104  165576  55 S13  24
20130104  165576  56 S12  23
20130104  165576  61 S19  18
20130104  165576  62 S18  17
20130104  165576  67 S24  12
20130104  165576  68 S23  11
20130104  165576  73 S28   7
20130104  165585  61 S19  18
20130104  165585  62 S18  17
20130104  165585  67 S24  12
20130104  165586  61 S19  18
20130104  165586  62 S18  17
20130104  165586  67 S24  12
20130105  165850  79 S31   3
20130105  165860  79 S31   3
20130105  165870  79 S31   3
20130105  165880  79 S31   3
20130105  165925  61 S19  18
20130105  165925  62 S18  17
20130105  165925  67 S24  12
20130105  165926  61 S19  18
20130105  165926  62 S18  17
20130105  165926  67 S24  12
20130105  165935  61 S19  18
20130105  165935  62 S18  17
20130105  165935  67 S24  12
20130105  165936  61 S19  18
20130105  165936  62 S18  17
20130105  165936  67 S24  12
20130105  165945  61 S19  18
20130105  165945  62 S18  17
20130105  165945  67 S24  12
20130105  165946  61 S19  18
20130105  165946  62 S18  17
20130105  165946  67 S24  12
20130106  166324  79 S31   3
20130106  166334  79 S31   3
20130106  166344  79 S31   3
20130106  166354  79 S31   3
20130106  166399  61 S19  18
20130106  166399  62 S18  17
20130106  166399  67 S24  12
20130106  166400  61 S19  18
20130106  166400  62 S18  17
20130106  166400  67 S24  12
20130106  166409  61 S19  18
20130106  166409  62 S18  17
20130106  166409  67 S24  12
20130106  166410  61 S19  18
20130106  166410  62 S18  17
20130106  166410  67 S24  12
20130106  166419  61 S19  18
20130106  166419  62 S18  17
20130106  166419  67 S24  12
20130106  166420  61 S19  18
20130106  166420  62 S18  17
20130106  166420  67 S24  12
20130106  166429  61 S19  18
20130106  166429  62 S18  17
20130106  166429  67 S24  12
20130106  166430  61 S19  18
20130106  166430  62 S18  17
20130106  166430  67 S24  12
20130111  168342  73 S28   7
20130111  168342  79 S31   3
20130111  168343  73 S28   7
20130111  168343  79 S31   3
20130111  168344  73 S28   7
20130111  168344  79 S31   3
20130112  168477  79 S31   3
20130112  168478  73 S28   7
20130112  168478  79 S31   3
20130112  168485  24 N19  50
20130112  168486  24 N19  50
20130112  168486 nan nan   7
20130112  168486 nan nan   3
20130112  168489  79 S31   3
20130112  168489 nan nan   7
20130112  168489 nan nan  50
20130112  168489 nan nan  55
20130112  168490  73 S28   7
20130112  168490  79 S31   3
20130112  168490 nan nan  50
20130112  168490 nan nan  55
20130112  168497  24 N19  50
20130112  168497 nan nan   7
20130112  168497 nan nan   3
20130112  168498  24 N19  50
20130112  168498 nan nan   7
20130112  168498 nan nan   3
20130112  168501  79 S31   3
20130112  168501 nan nan   7
20130112  168501 nan nan  50
20130112  168501 nan nan  55
20130112  168502  73 S28   7
20130112  168502 nan nan  50
20130112  168502 nan nan  55
20130112  168502  79 S31   3
20130112  168509  24 N19  50
20130112  168510  24 N19  50
20130112  168510 nan nan   3
20130112  168510 nan nan   7
20130112  168513  79 S31   3
20130112  168513 nan nan   7
20130112  168514  73 S28   7
20130112  168514  79 S31   3
20130112  168514 nan nan  50
20130112  168514 nan nan  55
20130112  168521  24 N19  50
20130112  168522  24 N19  50
20130112  168522 nan nan   3
20130112  168522 nan nan   7
20130112  168525  79 S31   3
20130112  168525 nan nan   7
20130112  168525 nan nan  50
20130112  168525 nan nan  55
20130112  168526  73 S28   7
20130112  168526  79 S31   3
20130112  168526 nan nan  50
20130112  168526 nan nan  55
20130112  168533  24 N19  50
20130112  168534  24 N19  50
20130112  168534 nan nan   3
20130112  168534 nan nan   7
20130112  168537  79 S31   3
20130112  168537 nan nan   7
20130112  168537 nan nan  50
20130112  168537 nan nan  55
20130112  168538  73 S28   7
20130112  168538  79 S31   3
20130112  168538 nan nan   3
20130112  168538 nan nan   7
20130112  168546  24 N19  50
20130118  170378  11  N7  38
20130118  170378  48  S7  31
20130118  170379  11  N7  38
20130118  170379  48  S7  31
20130118  170390  11  N7  38
20130118  170390  48  S7  31
20130118  170391  11  N7  38
20130118  170391  48  S7  31
20130118  170402  11  N7  38
20130118  170402  48  S7  31
20130118  170403  11  N7  38
20130118  170403  48  S7  31
20130121  171461  44 N29  60
20130121  171462  42 N31  62
20130121  171462  43 N30  61
20130121  171465  48  S7  31
20130121  171471  29 N14  45
20130121  171471  34 N20  51
20130121  171471  39 N25  56
20130121  171471  44 N29  60
20130121  171484  24 N19  50
20130121  171484  30 N24  55
20130121  171484  36 N28  59
20130129  173397  38 N26  57
20130129  173397  39 N25  56
20130129  173397  44 N29  60
20130129  173397 nan nan  52
20130129  173398  38 N26  57
20130129  173398  39 N25  56
20130129  173398  44 N29  60
20130129  173398 nan nan  52
20130129  173399  38 N26  57
20130129  173399  39 N25  56
20130129  173399  44 N29  60
20130129  173399 nan nan  52
20130129  173418  38 N26  57
20130129  173418  39 N25  56
20130129  173418  44 N29  60
20130129  173419  38 N26  57
20130129  173419  39 N25  56
20130129  173419  44 N29  60
20130129  173419 nan nan  52
20130129  173420  38 N26  57
20130129  173420  39 N25  56
20130129  173420  44 N29  60
20130129  173420 nan nan  52
20130129  173421  38 N26  57
20130129  173421  39 N25  56
20130129  173421  44 N29  60
20130129  173421 nan nan  52
20130129  173422  38 N26  57
20130129  173422  39 N25  56
20130129  173422  44 N29  60
20130129  173422 nan nan  52
20130129  173423  38 N26  57
20130129  173423  39 N25  56
20130129  173423  44 N29  60
20130129  173423 nan nan  52
20130129  173424  38 N26  57
20130129  173424  39 N25  56
20130129  173424  44 N29  60
20130129  173424 nan nan  52
20130129  173425  38 N26  57
20130129  173425  39 N25  56
20130129  173425  44 N29  60
20130129  173425 nan nan  52
20130129  173426  38 N26  57
20130129  173426  39 N25  56
20130129  173426  44 N29  60
20130129  173426 nan nan  52
20130129  173429  21 N10  41
20130129  173429  22  N9  40
20130130  173781  67 S24  12
20130130  173781  73 S28   7
20130130  173781  79 S31   3
20130130  173782  67 S24  12
20130130  173782  73 S28   7
20130130  173782  79 S31   3
20130130  173783  67 S24  12
20130130  173783  73 S28   7
20130130  173783  79 S31   3
20130130  173784  67 S24  12
20130130  173784  73 S28   7
20130130  173784  79 S31   3
20130130  173785  67 S24  12
20130130  173785  73 S28   7
20130130  173785  79 S31   3
20130130  173786  67 S24  12
20130130  173786  73 S28   7
20130130  173786  79 S31   3
20130130  173787  67 S24  12
20130130  173787  73 S28   7
20130130  173787  79 S31   3
20130130  173788  67 S24  12
20130130  173788  73 S28   7
20130130  173788  79 S31   3
20130130  173789  67 S24  12
20130130  173789  73 S28   7
20130130  173789  79 S31   3
20130130  173790  67 S24  12
20130130  173790  73 S28   7
20130130  173790  79 S31   3
20130130  173791  67 S24  12
20130130  173791  73 S28   7
20130130  173791  79 S31   3
20130130  173792  67 S24  12
20130130  173792  73 S28   7
20130130  173792  79 S31   3
20130130  173793  67 S24  12
20130130  173793  73 S28   7
20130130  173793  79 S31   3
20130130  173794  67 S24  12
20130130  173794  73 S28   7
20130130  173794  79 S31   3
20130201  174487  48  S7  31
20130205  175615  24 N19  50
20130205  175615  25 N18  49
20130205  175615  30 N24  55
20130205  175615  31 N23  54
20130205  175615  36 N28  59
20130207  176370  76 S25   4
20130209  176842  73 S28   7
20130209  176854  73 S28   7
20130210  177055  32 N22  53
20130210  177056  32 N22  53
20130210  177057  26 N17  48
20130210  177057  31 N23  54
20130210  177057  32 N22  53
20130210  177058  27 N16  47
20130210  177058  32 N22  53
20130210  177059  32 N22  53
20130210  177059  38 N26  57
20130210  177060  31 N23  54
20130210  177060  32 N22  53
20130210  177060  37 N27  58
20130210  177061  26 N17  48
20130210  177061  27 N16  47
20130210  177061  32 N22  53
20130210  177061  37 N27  58
20130210  177061  38 N26  57
20130210  177062  26 N17  48
20130210  177062  31 N23  54
20130210  177062  32 N22  53
20130210  177068  26 N17  48
20130210  177068  27 N16  47
20130210  177068  32 N22  53
20130210  177069  32 N22  53
20130210  177069  33 N21  52
20130210  177069  37 N27  58
20130210  177069  38 N26  57
20130210  177070  31 N23  54
20130210  177070  32 N22  53
20130210  177070  37 N27  58
20130211  177328  48  S7  31
20130211  177339  73 S28   7
20130211  177363  73 S28   7
20130211  177365  73 S28   7
20130213  178026 nan nan  32
20130213  178027 nan nan  32
20130213  178032  54  S1  25
20130213  178032 nan nan  32
20130213  178033  54  S1  25
20130213  178033 nan nan  32
20130214  178213  48  S7  31
20130214  178213  55 S13  24
20130214  178214  48  S7  31
20130214  178214  55 S13  24
20130214  178215  48  S7  31
20130214  178215  55 S13  24
20130214  178215  61 S19  18
20130214  178216  48  S7  31
20130214  178216  55 S13  24
20130214  178216  61 S19  18
20130214  178217  48  S7  31
20130214  178217  55 S13  24
20130214  178218  48  S7  31
20130214  178218  55 S13  24
20130214  178219  48  S7  31
20130214  178219  55 S13  24
20130214  178220  48  S7  31
20130214  178220  55 S13  24
20130214  178221  48  S7  31
20130214  178221  55 S13  24
20130214  178222  48  S7  31
20130214  178222  55 S13  24
20130214  178222  61 S19  18
20130214  178223  48  S7  31
20130214  178223  55 S13  24
20130214  178223  61 S19  18
20130214  178224  48  S7  31
20130214  178224  49  S6  30
20130214  178224  55 S13  24
20130214  178225  48  S7  31
20130214  178225  55 S13  24
20130215  178371  48  S7  31
20130215  178371  55 S13  24
20130215  178372  48  S7  31
20130215  178372  55 S13  24
20130215  178373  48  S7  31
20130215  178373  55 S13  24
20130215  178374  48  S7  31
20130215  178374  49  S6  30
20130215  178374  55 S13  24
20130215  178375  48  S7  31
20130215  178375  49  S6  30
20130215  178375  55 S13  24
20130215  178376  48  S7  31
20130215  178376  49  S6  30
20130215  178376  55 S13  24
20130215  178395  79 S31   3
20130215  178395  80 S30   2
20130215  178395 nan nan   6
20130215  178396  79 S31   3
20130215  178396  80 S30   2
20130215  178396 nan nan   6
20130215  178397  79 S31   3
20130215  178397  80 S30   2
20130215  178397 nan nan   6
20130215  178398  74 S27   6
20130215  178398  79 S31   3
20130215  178398  80 S30   2
20130215  178399  74 S27   6
20130215  178399  79 S31   3
20130215  178399  80 S30   2
20130215  178400  74 S27   6
20130215  178400  79 S31   3
20130215  178400  80 S30   2
20130215  178446  17  N1  32
20130215  178446  54  S1  25
20130215  178446  60  S8  19
20130215  178446  66 S14  13
20130215  178446 nan nan   4
20130228  182809  11  N7  38
20130228  182809  18 N13  44
20130228  182809  48  S7  31
20130228  182812  11  N7  38
20130228  182812  18 N13  44
20130228  182812  48  S7  31
20130228  182813  11  N7  38
20130228  182813  18 N13  44
20130228  182813  48  S7  31
20130228  182814  11  N7  38
20130228  182814  18 N13  44
20130228  182814  48  S7  31
20130228  182815  11  N7  38
20130228  182815  18 N13  44
20130228  182815  48  S7  31
20130228  182896  11  N7  38
20130228  182896  18 N13  44
20130228  182896  48  S7  31
20130228  182897  11  N7  38
20130228  182897  18 N13  44
20130228  182897  48  S7  31
20130228  182898  11  N7  38
20130228  182898  18 N13  44
20130228  182898  48  S7  31
20130228  182899  11  N7  38
20130228  182899  18 N13  44
20130228  182899  48  S7  31
20130301  183128  11  N7  38
20130301  183128  18 N13  44
20130301  183128  48  S7  31
20130301  183130  11  N7  38
20130301  183130  18 N13  44
20130301  183130  48  S7  31
20130301  183131  11  N7  38
20130301  183131  18 N13  44
20130301  183131  48  S7  31
20130301  183132  11  N7  38
20130301  183132  18 N13  44
20130301  183132  48  S7  31
20130301  183133  11  N7  38
20130301  183133  18 N13  44
20130301  183133  48  S7  31
20130301  183134  11  N7  38
20130301  183134  18 N13  44
20130301  183134  48  S7  31
20130301  183215  11  N7  38
20130301  183215  18 N13  44
20130301  183215  48  S7  31
20130301  183216  11  N7  38
20130301  183216  18 N13  44
20130301  183216  48  S7  31
20130301  183217  11  N7  38
20130301  183217  18 N13  44
20130301  183217  48  S7  31
20130301  183218  11  N7  38
20130301  183218  18 N13  44
20130301  183218  48  S7  31
20130302  183450  11  N7  38
20130302  183450  18 N13  44
20130302  183450  48  S7  31
20130302  183451  11  N7  38
20130302  183451  18 N13  44
20130302  183451  48  S7  31
20130302  183452  11  N7  38
20130302  183452  18 N13  44
20130302  183452  48  S7  31
20130302  183454  11  N7  38
20130302  183454  18 N13  44
20130302  183454  48  S7  31
20130302  183455  11  N7  38
20130302  183455  18 N13  44
20130302  183455  48  S7  31
20130302  183456  11  N7  38
20130302  183456  18 N13  44
20130302  183456  48  S7  31
20130302  183457  11  N7  38
20130302  183457  18 N13  44
20130302  183457  48  S7  31
20130302  183538  11  N7  38
20130302  183538  18 N13  44
20130302  183538  48  S7  31
20130302  183539  11  N7  38
20130302  183539  18 N13  44
20130302  183539  48  S7  31
20130302  183540  11  N7  38
20130302  183540  18 N13  44
20130302  183540  48  S7  31
20130302  183541  11  N7  38
20130302  183541  18 N13  44
20130302  183541  48  S7  31
20130302  183628  60  S8  19
20130302  183628  65 S15  14
20130302  183628  66 S14  13
20130302  183628  71 S20   8
20130302  183629  60  S8  19
20130302  183629  65 S15  14
20130302  183629  66 S14  13
20130302  183629  71 S20   8
20130302  183636  24 N19  50
20130302  183637  24 N19  50
20130302  183640  76 S25   4
20130302  183640  81 S29   1
20130302  183641  76 S25   4
20130302  183641  81 S29   1
20130302  183648  73 S28   7
20130302  183649  73 S28   7
20130302  183652  43 N30  61
20130302  183652  44 N29  60
20130302  183653  43 N30  61
20130302  183653  44 N29  60
20130303  183770  11  N7  38
20130303  183770  18 N13  44
20130303  183770  48  S7  31
20130303  183771  11  N7  38
20130303  183771  18 N13  44
20130303  183771  48  S7  31
20130303  183772  11  N7  38
20130303  183772  18 N13  44
20130303  183772  48  S7  31
20130303  183773  11  N7  38
20130303  183773  18 N13  44
20130303  183773  48  S7  31
20130303  183774  11  N7  38
20130303  183774  18 N13  44
20130303  183774  48  S7  31
20130303  183856  11  N7  38
20130303  183856  18 N13  44
20130303  183856  48  S7  31
20130303  183857  11  N7  38
20130303  183857  18 N13  44
20130303  183857  48  S7  31
20130304  183950  11  N7  38
20130304  183950  18 N13  44
20130304  183950  48  S7  31
20130304  183951  11  N7  38
20130304  183951  18 N13  44
20130304  183951  48  S7  31
20130304  183952  11  N7  38
20130304  183952  18 N13  44
20130304  183952  48  S7  31
20130304  183953  11  N7  38
20130304  183953  18 N13  44
20130304  183953  48  S7  31
20130304  183954  11  N7  38
20130304  183954  18 N13  44
20130304  183954  48  S7  31
20130304  183955  11  N7  38
20130304  183955  18 N13  44
20130304  183955  48  S7  31
20130304  184044  11  N7  38
20130304  184044  18 N13  44
20130304  184044  48  S7  31
20130304  184045  11  N7  38
20130304  184045  18 N13  44
20130304  184045  48  S7  31
20130304  184046  11  N7  38
20130304  184046  18 N13  44
20130304  184046  48  S7  31
20130304  184047  11  N7  38
20130304  184047  18 N13  44
20130304  184047  48  S7  31
20130304  184148  48  S7  31
20130304  184148  55 S13  24
20130304  184148  61 S19  18
20130304  184149  48  S7  31
20130304  184149  55 S13  24
20130304  184149  61 S19  18
20130304  184154  75 S26   5
20130304  184154  80 S30   2
20130304  184155  75 S26   5
20130304  184155  80 S30   2
20130304  184156  76 S25   4
20130304  184157  76 S25   4
20130304  184170  49  S6  30
20130304  184170  50  S5  29
20130304  184170  55 S13  24
20130304  184170  56 S12  23
20130304  184170  57 S11  22
20130304  184170  61 S19  18
20130304  184170  62 S18  17
20130304  184170  63 S17  16
20130304  184170  67 S24  12
20130304  184170  68 S23  11
20130304  184170  69 S22  10
20130304  184170  73 S28   7
20130304  184170  74 S27   6
20130304  184171  49  S6  30
20130304  184171  50  S5  29
20130304  184171  55 S13  24
20130304  184171  56 S12  23
20130304  184171  57 S11  22
20130304  184171  61 S19  18
20130304  184171  62 S18  17
20130304  184171  63 S17  16
20130304  184171  67 S24  12
20130304  184171  68 S23  11
20130304  184171  69 S22  10
20130304  184171  73 S28   7
20130304  184171  74 S27   6
20130305  184287  12  N6  37
20130305  184287  13  N5  36
20130305  184287  14  N4  35
20130305  184287  19 N12  43
20130305  184287  20 N11  42
20130305  184287  21 N10  41
20130305  184287  25 N18  49
20130305  184287  26 N17  48
20130305  184287  49  S6  30
20130305  184287  50  S5  29
20130305  184287  51  S4  28
20130305  184287  52  S3  27
20130305  184287  55 S13  24
20130305  184287  56 S12  23
20130305  184287  57 S11  22
20130305  184287  58 S10  21
20130305  184287  59  S9  20
20130305  184287  61 S19  18
20130305  184287  62 S18  17
20130305  184287  63 S17  16
20130305  184287  64 S16  15
20130305  184287  65 S15  14
20130305  184287  67 S24  12
20130305  184287  68 S23  11
20130305  184287  69 S22  10
20130305  184287  73 S28   7
20130305  184288  12  N6  37
20130305  184288  13  N5  36
20130305  184288  14  N4  35
20130305  184288  19 N12  43
20130305  184288  20 N11  42
20130305  184288  21 N10  41
20130305  184288  25 N18  49
20130305  184288  26 N17  48
20130305  184288  49  S6  30
20130305  184288  50  S5  29
20130305  184288  51  S4  28
20130305  184288  52  S3  27
20130305  184288  55 S13  24
20130305  184288  56 S12  23
20130305  184288  57 S11  22
20130305  184288  58 S10  21
20130305  184288  59  S9  20
20130305  184288  61 S19  18
20130305  184288  62 S18  17
20130305  184288  63 S17  16
20130305  184288  64 S16  15
20130305  184288  65 S15  14
20130305  184288  67 S24  12
20130305  184288  68 S23  11
20130305  184288  69 S22  10
20130305  184288  73 S28   7
20130305  184289  12  N6  37
20130305  184289  13  N5  36
20130305  184289  14  N4  35
20130305  184289  19 N12  43
20130305  184289  20 N11  42
20130305  184289  21 N10  41
20130305  184289  25 N18  49
20130305  184289  26 N17  48
20130305  184289  49  S6  30
20130305  184289  50  S5  29
20130305  184289  51  S4  28
20130305  184289  52  S3  27
20130305  184289  55 S13  24
20130305  184289  56 S12  23
20130305  184289  57 S11  22
20130305  184289  58 S10  21
20130305  184289  59  S9  20
20130305  184289  61 S19  18
20130305  184289  62 S18  17
20130305  184289  63 S17  16
20130305  184289  64 S16  15
20130305  184289  65 S15  14
20130305  184289  67 S24  12
20130305  184289  68 S23  11
20130305  184289  69 S22  10
20130305  184289  73 S28   7
20130305  184290  48  S7  31
20130305  184291  48  S7  31
20130305  184292  48  S7  31
20130305  184296  66 S14  13
20130305  184296  71 S20   8
20130305  184296  75 S26   5
20130305  184296  76 S25   4
20130305  184296  48  S7  31
20130305  184297  66 S14  13
20130305  184297  71 S20   8
20130305  184297  75 S26   5
20130305  184297  76 S25   4
20130305  184297  48  S7  31
20130305  184298  66 S14  13
20130305  184298  71 S20   8
20130305  184298  75 S26   5
20130305  184298  76 S25   4
20130305  184298  48  S7  31
20130305  184320  37 N27  58
20130305  184320  42 N31  62
20130305  184320  43 N30  61
20130305  184321  37 N27  58
20130305  184321  42 N31  62
20130305  184321  43 N30  61
20130305  184322  37 N27  58
20130305  184322  42 N31  62
20130305  184322  43 N30  61
20130305  184358  29 N14  45
20130305  184358  79 S31   3
20130305  184359  23  N8  39
20130305  184359  29 N14  45
20130305  184359  79 S31   3
20130305  184360  23  N8  39
20130305  184360  29 N14  45
20130305  184360  79 S31   3
20130305  184361  29 N14  45
20130305  184361  79 S31   3
20130305  184366  61 S19  18
20130305  184369  61 S19  18
20130305  184394  54  S1  25
20130305  184395  54  S1  25
20130305  184396  54  S1  25
20130305  184397  54  S1  25
20130306  184600  15  N3  34
20130306  184600  52  S3  27
20130306  184607  15  N3  34
20130306  184607  52  S3  27
20130307  184712  79 S31   3
20130307  184712  80 S30   2
20130307  184712 nan nan   6
20130307  184713  79 S31   3
20130307  184713  80 S30   2
20130307  184713 nan nan   6
20130307  184714  79 S31   3
20130307  184714  80 S30   2
20130307  184714 nan nan   6
20130307  184733  37 N27  58
20130307  184733  38 N26  57
20130307  184733  42 N31  62
20130307  184733  43 N30  61
20130307  184733  44 N29  60
20130307  184734  37 N27  58
20130307  184734  38 N26  57
20130307  184734  42 N31  62
20130307  184734  43 N30  61
20130307  184734  44 N29  60
20130307  184735  37 N27  58
20130307  184735  38 N26  57
20130307  184735  42 N31  62
20130307  184735  43 N30  61
20130307  184735  44 N29  60
20130307  184745  75 S26   5
20130307  184745  76 S25   4
20130307  184745  80 S30   2
20130307  184745  81 S29   1
20130307  184746  75 S26   5
20130307  184746  76 S25   4
20130307  184746  80 S30   2
20130307  184746  81 S29   1
20130308  184812  76 S25   4
20130308  184812  81 S29   1
20130308  184812  12  N6  37
20130308  184812  13  N5  36
20130308  184812  19 N12  43
20130308  184813  76 S25   4
20130308  184813  81 S29   1
20130308  184813  12  N6  37
20130308  184813  13  N5  36
20130308  184813  19 N12  43
20130308  184814  76 S25   4
20130308  184814  81 S29   1
20130308  184814  12  N6  37
20130308  184814  13  N5  36
20130308  184814  19 N12  43
20130308  184849  34 N20  51
20130308  184849  39 N25  56
20130308  184849  44 N29  60
20130308  184850  34 N20  51
20130308  184850  39 N25  56
20130308  184850  44 N29  60
20130308  184853  17  N1  32
20130308  184853  23  N8  39
20130308  184853  54  S1  25
20130308  184853  73 S28   7
20130308  184854  17  N1  32
20130308  184854  23  N8  39
20130308  184854  54  S1  25
20130308  184854  73 S28   7
20130308  184863  73 S28   7
20130308  184863  79 S31   3
20130308  184864  73 S28   7
20130308  184864  79 S31   3
20130308  184885  29 N14  45
20130308  184885  79 S31   3
20130308  184886  23  N8  39
20130308  184886  29 N14  45
20130308  184886  79 S31   3
20130308  184887  23  N8  39
20130308  184887  29 N14  45
20130308  184887  79 S31   3
20130308  184888  29 N14  45
20130308  184888  79 S31   3
20130308  184893  61 S19  18
20130308  184896  61 S19  18
20130308  184921  54  S1  25
20130308  184922  54  S1  25
20130308  184923  54  S1  25
20130308  184924  54  S1  25
20130308  184972  36 N28  59
20130308  184973  36 N28  59
20130308  184984  13  N5  36
20130308  184984  50  S5  29
20130308  184985  13  N5  36
20130308  184985  50  S5  29
20130308  184994  80 S30   2
20130308  184995  80 S30   2
20130308  185018  11  N7  38
20130308  185018  12  N6  37
20130308  185018  18 N13  44
20130308  185018  19 N12  43
20130308  185018  48  S7  31
20130308  185018  49  S6  30
20130308  185019  11  N7  38
20130308  185019  12  N6  37
20130308  185019  18 N13  44
20130308  185019  19 N12  43
20130308  185019  48  S7  31
20130308  185019  49  S6  30
20130308  185020  11  N7  38
20130308  185020  12  N6  37
20130308  185020  18 N13  44
20130308  185020  19 N12  43
20130308  185020  48  S7  31
20130308  185020  49  S6  30
20130308  185021  75 S26   5
20130308  185021  80 S30   2
20130308  185021 nan nan   6
20130308  185021 nan nan  10
20130308  185022  75 S26   5
20130308  185022  80 S30   2
20130308  185022 nan nan   6
20130308  185022 nan nan  10
20130308  185023  75 S26   5
20130308  185023  80 S30   2
20130308  185023 nan nan   6
20130308  185023 nan nan  10
20130309  185139  59  S9  20
20130309  185139  60  S8  19
20130309  185139  65 S15  14
20130309  185139  66 S14  13
20130309  185139  71 S20   8
20130309  185139 nan nan  30
20130309  185139 nan nan  37
20130309  185139 nan nan  43
20130309  185139 nan nan  49
20130309  185140  59  S9  20
20130309  185140  60  S8  19
20130309  185140  65 S15  14
20130309  185140  66 S14  13
20130309  185140  71 S20   8
20130309  185140 nan nan  30
20130309  185140 nan nan  37
20130309  185140 nan nan  43
20130309  185140 nan nan  49
20130309  185183  29 N14  45
20130309  185183  79 S31   3
20130309  185184  23  N8  39
20130309  185184  29 N14  45
20130309  185184  79 S31   3
20130309  185185  23  N8  39
20130309  185185  29 N14  45
20130309  185185  79 S31   3
20130309  185186  29 N14  45
20130309  185186  79 S31   3
20130309  185191  61 S19  18
20130309  185194  61 S19  18
20130309  185219  54  S1  25
20130309  185220  54  S1  25
20130309  185221  54  S1  25
20130309  185222  54  S1  25
20130309  185245  54  S1  25
20130309  185245  60  S8  19
20130309  185245  66 S14  13
20130309  185246  54  S1  25
20130309  185246  60  S8  19
20130309  185246  66 S14  13
20130309  185251  24 N19  50
20130309  185251 nan nan  18
20130309  185252  24 N19  50
20130309  185252 nan nan  18
20130309  185255  48  S7  31
20130309  185255  49  S6  30
20130309  185255  55 S13  24
20130309  185255  56 S12  23
20130309  185255  61 S19  18
20130309  185255  62 S18  17
20130309  185255  67 S24  12
20130309  185256  48  S7  31
20130309  185256  49  S6  30
20130309  185256  55 S13  24
20130309  185256  56 S12  23
20130309  185256  61 S19  18
20130309  185256  62 S18  17
20130309  185256  67 S24  12
20130309  185263  42 N31  62
20130309  185263  43 N30  61
20130309  185264  42 N31  62
20130309  185264  43 N30  61
20130309  185269  42 N31  62
20130309  185269  43 N30  61
20130309  185270  42 N31  62
20130309  185270  43 N30  61
20130310  185448  38 N26  57
20130310  185448  39 N25  56
20130310  185448  44 N29  60
20130310  185449  38 N26  57
20130310  185449  39 N25  56
20130310  185565  80 S30   2
20130310  185565 nan nan   1
20130310  185566  80 S30   2
20130310  185566 nan nan   1
20130310  185567  76 S25   4
20130310  185567  81 S29   1
20130310  185567  42 N31  62
20130310  185567  43 N30  61
20130310  185568  76 S25   4
20130310  185568  81 S29   1
20130310  185568  42 N31  62
20130310  185568  43 N30  61
20130310  185571  59  S9  20
20130310  185571  60  S8  19
20130310  185571  65 S15  14
20130310  185571  66 S14  13
20130310  185571  71 S20   8
20130310  185572  59  S9  20
20130310  185572  60  S8  19
20130310  185572  65 S15  14
20130310  185572  66 S14  13
20130310  185572  71 S20   8
20130313  186081  29 N14  45
20130313  186081  34 N20  51
20130315  186659  44 N29  60
20130315  186674  44 N29  60
20130315  186689  44 N29  60
20130315  186692  18 N13  44
20130315  186692  24 N19  50
20130315  186702  18 N13  44
20130315  186702  24 N19  50
20130315  186713  18 N13  44
20130315  186713  24 N19  50
20130316  186879  49  S6  30
20130316  186879  50  S5  29
20130316  186879  55 S13  24
20130316  186879  56 S12  23
20130316  186879  57 S11  22
20130316  186879  61 S19  18
20130316  186879  62 S18  17
20130316  186879  63 S17  16
20130316  186879  67 S24  12
20130316  186879  68 S23  11
20130316  186879  73 S28   7
20130316  186883  23  N8  39
20130316  186883  29 N14  45
20130316  186888  49  S6  30
20130316  186888  50  S5  29
20130316  186888  55 S13  24
20130316  186888  56 S12  23
20130316  186888  57 S11  22
20130316  186888  61 S19  18
20130316  186888  62 S18  17
20130316  186888  63 S17  16
20130316  186888  67 S24  12
20130316  186888  68 S23  11
20130316  186888  73 S28   7
20130316  186892  23  N8  39
20130316  186892  29 N14  45
20130316  186897  49  S6  30
20130316  186897  50  S5  29
20130316  186897  55 S13  24
20130316  186897  56 S12  23
20130316  186897  57 S11  22
20130316  186897  61 S19  18
20130316  186897  62 S18  17
20130316  186897  63 S17  16
20130316  186897  67 S24  12
20130316  186897  68 S23  11
20130316  186897  73 S28   7
20130316  186902  23  N8  39
20130316  186902  29 N14  45
20130317  187042  36 N28  59
20130317  187043  36 N28  59
20130317  187050  36 N28  59
20130317  187051  36 N28  59
20130317  187053  36 N28  59
20130317  187054  36 N28  59
20130317  187055  31 N23  54
20130317  187055  36 N28  59
20130317  187055  42 N31  62
20130317  187156  43 N30  61
20130317  187156  44 N29  60
20130317  187158  43 N30  61
20130317  187158  44 N29  60
20130317  187159  43 N30  61
20130317  187159  44 N29  60
20130317  187162  43 N30  61
20130317  187162  44 N29  60
20130317  187163  43 N30  61
20130317  187163  44 N29  60
20130317  187164  43 N30  61
20130317  187164  44 N29  60
20130317  187165  43 N30  61
20130317  187165  44 N29  60
20130317  187166  43 N30  61
20130317  187166  44 N29  60
20130317  187167  43 N30  61
20130317  187167  44 N29  60
20130318  187394  43 N30  61
20130318  187394  44 N29  60
20130318  187395  43 N30  61
20130318  187395  44 N29  60
20130318  187398  43 N30  61
20130318  187398  44 N29  60
20130318  187399  43 N30  61
20130318  187399  44 N29  60
20130318  187400  43 N30  61
20130318  187400  44 N29  60
20130318  187401  43 N30  61
20130318  187401  44 N29  60
20130318  187402  43 N30  61
20130318  187402  44 N29  60
20130318  187403  43 N30  61
20130318  187403  44 N29  60
20130319  187517  38 N26  57
20130319  187517  39 N25  56
20130319  187517  44 N29  60
20130319  187518  38 N26  57
20130319  187518  39 N25  56
20130319  187518  43 N30  61
20130319  187518  44 N29  60
20130319  187519  38 N26  57
20130319  187519  39 N25  56
20130319  187519  43 N30  61
20130319  187519  44 N29  60
20130319  187585  80 S30   2
20130319  187585 nan nan   1
20130319  187585 nan nan  53
20130319  187585 nan nan  52
20130319  187585 nan nan  47
20130320  187828  43 N30  61
20130320  187828  44 N29  60
20130320  187828 nan nan   1
20130320  187829  43 N30  61
20130320  187829  44 N29  60
20130321  188005  11  N7  38
20130321  188005  18 N13  44
20130321  188005  48  S7  31
20130321  188006  11  N7  38
20130321  188006  18 N13  44
20130321  188006  48  S7  31
20130321  188007  11  N7  38
20130321  188007  18 N13  44
20130321  188007  48  S7  31
20130321  188008  11  N7  38
20130321  188008  18 N13  44
20130321  188008  48  S7  31
20130321  188009  11  N7  38
20130321  188009  18 N13  44
20130321  188009  48  S7  31
20130321  188012  11  N7  38
20130321  188012  18 N13  44
20130321  188012  48  S7  31
20130321  188013  11  N7  38
20130321  188013  18 N13  44
20130321  188013  48  S7  31
20130321  188014  11  N7  38
20130321  188014  18 N13  44
20130321  188014  48  S7  31
20130321  188184  29 N14  45
20130321  188184  79 S31   3
20130321  188185  23  N8  39
20130321  188185  29 N14  45
20130321  188185  79 S31   3
20130321  188186  79 S31   3
20130321  188187  79 S31   3
20130321  188188  79 S31   3
20130321  188189  79 S31   3
20130321  188190  23  N8  39
20130321  188190  29 N14  45
20130321  188190  79 S31   3
20130321  188191  29 N14  45
20130321  188191  79 S31   3
20130321  188200  61 S19  18
20130321  188207  61 S19  18
20130321  188210  67 S24  12
20130321  188210  73 S28   7
20130321  188211  73 S28   7
20130321  188212  73 S28   7
20130321  188256  54  S1  25
20130321  188257  54  S1  25
20130321  188262  54  S1  25
20130321  188263  54  S1  25
20130330  192421  17  N1  32
20130330  192424  44 N29  60
20130330  192435  79 S31   3
20130330  192435  80 S30   2
20130330  192447  34 N20  51
20130330  192447  39 N25  56
20130330  192447  73 S28   7
20130330  192490  76 S25   4
20130330  192490  81 S29   1
20130330  192501  42 N31  62
20130330  192501  43 N30  61
20130330  192529  42 N31  62
20130330  192540  38 N26  57
20130330  192540  43 N30  61
20130330  192540  44 N29  60
20130330  192576  56 S12  23
20130330  192576  57 S11  22
20130330  192576 nan nan  29
20130331  192762 nan nan   3
20130331  192775  42 N31  62
20130331  192775  43 N30  61
20130331  192775  44 N29  60
20130331  192775 nan nan  58
20130331  192775 nan nan  57
20130331  192781  17  N1  32
20130331  192781  53  S2  26
20130331  192781  54  S1  25
20130331  192781  60  S8  19
20130331  192781 nan nan  44
20130331  192781 nan nan  50
20130331  192783  81 S29   1
20130331  192810  66 S14  13
20130331  192814  11  N7  38
20130331  192814  18 N13  44
20130331  192814 nan nan  37
20130331  192815  17  N1  32
20130331  192815 nan nan  38
20130331  192815 nan nan  31
20130331  192815 nan nan  24
20130331  192816  37 N27  58
20130331  192816  38 N26  57
20130331  192816  43 N30  61
20130331  192829  61 S19  18
20130331  192831  79 S31   3
20130331  192851  79 S31   3
20130331  192851  80 S30   2
20130331  192855  18 N13  44
20130331  192855  24 N19  50
20130331  192855  30 N24  55
20130331  192867 nan nan  10
20130331  192867  74 S27   6
20130331  192867  75 S26   5
20130331  192867  79 S31   3
20130331  192867  80 S30   2
20130331  192873  17  N1  32
20130331  192873  54  S1  25
20130331  192885  44 N29  60
20130331  192899  43 N30  61
20130331  192899  44 N29  60
20130331  192907  80 S30   2
20130331  192907 nan nan   1
20130331  192907 nan nan  58
20130331  192907 nan nan  54
20130331  192907 nan nan  53
20130331  192907 nan nan   7
20130331  192907 nan nan  12
20130331  192907 nan nan   5
20130331  192917  26 N17  48
20130331  192917  27 N16  47
20130331  192917  28 N15  46
20130331  192917  31 N23  54
20130331  192917  32 N22  53
20130331  192917  33 N21  52
20130331  192917  37 N27  58
20130331  192917  38 N26  57
20130331  192917  39 N25  56
20130331  192917  43 N30  61
20130331  192917  44 N29  60
20130331  192917 nan nan  24
20130331  192917 nan nan  31
20130331  192917 nan nan  38
20130331  192955  42 N31  62
20130331  192964  76 S25   4
20130331  192991  34 N20  51
20130331  192996  79 S31   3
20130401  193144  43 N30  61
20130401  193145  39 N25  56
20130401  193167  54  S1  25
20130401  193175  79 S31   3
20130401  193175  80 S30   2
20130401  193187  34 N20  51
20130401  193187  39 N25  56
20130401  193218  73 S28   7
20130401  193218  79 S31   3
20130401  193225  69 S22  10
20130401  193225  70 S21   9
20130401  193225  74 S27   6
20130401  193225  75 S26   5
20130401  193225  79 S31   3
20130401  193225  80 S30   2
20130401  193225 nan nan   1
20130401  193236  61 S19  18
20130401  193236  67 S24  12
20130401  193242  60  S8  19
20130401  193242  66 S14  13
20130401  193245  66 S14  13
20130401  193245  71 S20   8
20130401  193245 nan nan   3
20130401  193245 nan nan   7
20130401  193254  24 N19  50
20130401  193254  30 N24  55
20130401  193296  80 S30   2
20130401  193296 nan nan   1
20130401  193296 nan nan   5
20130401  193296 nan nan   7
20130401  193296 nan nan  12
20130401  193296 nan nan  58
20130401  193296 nan nan  54
20130401  193296 nan nan  53
20130401  193306  26 N17  48
20130401  193306  27 N16  47
20130401  193306  28 N15  46
20130401  193306  31 N23  54
20130401  193306  32 N22  53
20130401  193306  33 N21  52
20130401  193306  37 N27  58
20130401  193306  38 N26  57
20130401  193306  39 N25  56
20130401  193306  43 N30  61
20130401  193306  44 N29  60
20130401  193306 nan nan  24
20130401  193306 nan nan  31
20130401  193306 nan nan  38
20130401  193318  11  N7  38
20130401  193318  18 N13  44
20130401  193325  42 N31  62
20130402  193519  44 N29  60
20130402  193525  81 S29   1
20130402  193525 nan nan   4
20130402  193528  54  S1  25
20130402  193528 nan nan  19
20130402  193529 nan nan  12
20130402  193529 nan nan  17
20130402  193529 nan nan  18
20130402  193529 nan nan  23
20130402  193529 nan nan  24
20130402  193531  55 S13  24
20130402  193531  61 S19  18
20130402  193570  79 S31   3
20130402  193570  80 S30   2
20130402  193591  73 S28   7
20130402  193608  17  N1  32
20130402  193608  54  S1  25
20130402  193614  44 N29  60
20130402  193616  43 N30  61
20130402  193616  44 N29  60
20130402  193620  73 S28   7
20130402  193621  17  N1  32
20130402  193621  54  S1  25
20130402  193621  61 S19  18
20130402  193630  42 N31  62
20130402  193630  43 N30  61
20130402  193641 nan nan  12
20130402  193654  11  N7  38
20130402  193716  23  N8  39
20130402  193716  29 N14  45
20130402  193737  34 N20  51
20130402  193737  39 N25  56
20130402  193756  48  S7  31
20130402  193756  55 S13  24
20130402  193756  61 S19  18
20130402  193760  29 N14  45
20130402  193760  34 N20  51
20130402  193761  73 S28   7
20130402  193761  79 S31   3
20130407  194831  48  S7  31
20130407  194831  55 S13  24
20130407  194832  48  S7  31
20130407  194832  55 S13  24
20130407  194833  48  S7  31
20130407  194833  55 S13  24
20130407  194834  48  S7  31
20130407  194834  55 S13  24
20130407  194835  48  S7  31
20130407  194835  55 S13  24
20130407  194835  61 S19  18
20130407  194837  48  S7  31
20130407  194837  49  S6  30
20130407  194837  55 S13  24
20130407  194838  48  S7  31
20130407  194838  55 S13  24
20130407  194838  61 S19  18
20130407  194839  48  S7  31
20130407  194839  49  S6  30
20130407  194839  55 S13  24
20130407  194840  48  S7  31
20130407  194840  55 S13  24
20130407  194841  48  S7  31
20130407  194841  55 S13  24
20130407  194841  61 S19  18
20130407  194842  48  S7  31
20130407  194842  55 S13  24
20130407  194843  48  S7  31
20130407  194843  55 S13  24
20130407  194844  36 N28  59
20130407  194844  42 N31  62
20130407  194845  36 N28  59
20130407  194845  42 N31  62
20130407  194846  36 N28  59
20130407  194846  42 N31  62
20130407  194847  42 N31  62
20130407  194848  42 N31  62
20130407  194849  42 N31  62
20130407  194850  42 N31  62
20130407  194851  42 N31  62
20130407  194852  79 S31   3
20130407  194855  79 S31   3
20130407  194855  80 S30   2
20130407  194856  79 S31   3
20130407  194856  80 S30   2
20130408  195124  48  S7  31
20130408  195124  55 S13  24
20130408  195125  48  S7  31
20130408  195125  55 S13  24
20130408  195126  64 S16  15
20130408  195127  64 S16  15
20130408  195129 nan nan  29
20130408  195129 nan nan  30
20130408  195129  48  S7  31
20130408  195129  55 S13  24
20130408  195129 nan nan  36
20130408  195129 nan nan  37
20130408  195129 nan nan  44
20130408  195129 nan nan  50
20130408  195130  48  S7  31
20130408  195130  55 S13  24
20130408  195131  64 S16  15
20130408  195131 nan nan  21
20130408  195131 nan nan  39
20130408  195131 nan nan  45
20130408  195131 nan nan  35
20130408  195131 nan nan  36
20130408  195131 nan nan  42
20130408  195134  64 S16  15
20130408  195134 nan nan  21
20130408  195135  64 S16  15
20130408  195135 nan nan  21
20130411  195908  42 N31  62
20130413  196566  81 S29   1
20130413  196566 nan nan   4
20130413  196566 nan nan  59
20130413  196566 nan nan  55
20130413  196567  81 S29   1
20130413  196567 nan nan   4
20130413  196567 nan nan  55
20130413  196567 nan nan  59
20130413  196567 nan nan  58
20130413  196578  81 S29   1
20130413  196578 nan nan   4
20130413  196578 nan nan  55
20130413  196578 nan nan  59
20130413  196578 nan nan  58
20130413  196579  81 S29   1
20130413  196579 nan nan   4
20130413  196579 nan nan  55
20130413  196579 nan nan  59
20130413  196579 nan nan  58
20130413  196590  81 S29   1
20130413  196590 nan nan   4
20130413  196590 nan nan  55
20130413  196590 nan nan  59
20130413  196590 nan nan  58
20130413  196591  81 S29   1
20130413  196591 nan nan   4
20130413  196591 nan nan  55
20130413  196591 nan nan  59
20130413  196591 nan nan  58
20130413  196602  81 S29   1
20130413  196602 nan nan   4
20130413  196602 nan nan  55
20130413  196602 nan nan  59
20130413  196602 nan nan  58
20130413  196603  81 S29   1
20130413  196603 nan nan   4
20130413  196603 nan nan  55
20130413  196603 nan nan  59
20130413  196603 nan nan  58
20130415  197418  60  S8  19
20130415  197418  66 S14  13
20130415  197422  60  S8  19
20130415  197422  66 S14  13
20130415  197426  60  S8  19
20130415  197426  66 S14  13
20130415  197430  60  S8  19
20130415  197430  66 S14  13
20130415  197481  31 N23  54
20130415  197481  32 N22  53
20130415  197481  36 N28  59
20130415  197481  37 N27  58
20130415  197481  70 S21   9
20130415  197481  75 S26   5
20130415  197481  80 S30   2
20130415  197481  81 S29   1
20130415  197481 nan nan   4
20130415  197485  31 N23  54
20130415  197485  32 N22  53
20130415  197485  36 N28  59
20130415  197485  37 N27  58
20130415  197485  70 S21   9
20130415  197485  75 S26   5
20130415  197485  80 S30   2
20130415  197485  81 S29   1
20130415  197485 nan nan   4
20130415  197489  31 N23  54
20130415  197489  32 N22  53
20130415  197489  36 N28  59
20130415  197489  37 N27  58
20130415  197489  70 S21   9
20130415  197489  75 S26   5
20130415  197489  80 S30   2
20130415  197489  81 S29   1
20130415  197489 nan nan   4
20130415  197493  31 N23  54
20130415  197493  32 N22  53
20130415  197493  36 N28  59
20130415  197493  37 N27  58
20130415  197493  70 S21   9
20130415  197493  75 S26   5
20130415  197493  80 S30   2
20130415  197493  81 S29   1
20130415  197493 nan nan   4
20130415  197574  11  N7  38
20130415  197574  48  S7  31
20130415  197575  11  N7  38
20130415  197575  48  S7  31
20130415  197578  38 N26  57
20130415  197578  39 N25  56
20130415  197578 nan nan  60
20130415  197578 nan nan   3
20130415  197578 nan nan  31
20130415  197578 nan nan  38
20130415  197579  11  N7  38
20130415  197579  48  S7  31
20130415  197582  38 N26  57
20130415  197582  39 N25  56
20130415  197582 nan nan  60
20130415  197582 nan nan   3
20130415  197582 nan nan  31
20130415  197582 nan nan  38
20130415  197583  11  N7  38
20130415  197583  48  S7  31
20130415  197586  38 N26  57
20130415  197586  39 N25  56
20130415  197586 nan nan  60
20130415  197586 nan nan   3
20130415  197586 nan nan  31
20130415  197586 nan nan  38
20130415  197587  11  N7  38
20130415  197587  48  S7  31
20130415  197590  38 N26  57
20130415  197590  39 N25  56
20130415  197590 nan nan  60
20130415  197590 nan nan   3
20130415  197590 nan nan  31
20130415  197590 nan nan  38
20130415  197633  76 S25   4
20130415  197633  81 S29   1
20130415  197634  39 N25  56
20130415  197638  42 N31  62
20130415  197638  43 N30  61
20130415  197645  76 S25   4
20130415  197645  81 S29   1
20130415  197646  39 N25  56
20130415  197650  42 N31  62
20130415  197650  43 N30  61
20130415  197657  76 S25   4
20130415  197657  81 S29   1
20130415  197658  39 N25  56
20130415  197662  42 N31  62
20130415  197662  43 N30  61
20130416  197802  75 S26   5
20130416  197802  76 S25   4
20130416  197802  80 S30   2
20130416  197802  81 S29   1
20130416  197808  36 N28  59
20130416  197808  37 N27  58
20130416  197808  42 N31  62
20130416  197808  43 N30  61
20130416  197809  61 S19  18
20130416  197809  62 S18  17
20130416  197809  67 S24  12
20130416  197809  11  N7  38
20130416  197812  36 N28  59
20130416  197812  37 N27  58
20130416  197812  42 N31  62
20130416  197812  43 N30  61
20130416  197813  61 S19  18
20130416  197813  62 S18  17
20130416  197813  67 S24  12
20130416  197813  11  N7  38
20130416  197816  36 N28  59
20130416  197816  37 N27  58
20130416  197816  42 N31  62
20130416  197816  43 N30  61
20130416  197817  61 S19  18
20130416  197817  62 S18  17
20130416  197817  67 S24  12
20130416  197817  11  N7  38
20130416  197820  36 N28  59
20130416  197820  37 N27  58
20130416  197820  42 N31  62
20130416  197820  43 N30  61
20130416  197821  61 S19  18
20130416  197821  62 S18  17
20130416  197821  67 S24  12
20130416  197821  11  N7  38
20130416  197859  60  S8  19
20130416  197859  66 S14  13
20130416  197863  60  S8  19
20130416  197863  66 S14  13
20130416  197867  60  S8  19
20130416  197867  66 S14  13
20130416  197871  60  S8  19
20130416  197871  66 S14  13
20130416  197911  31 N23  54
20130416  197911  32 N22  53
20130416  197911  36 N28  59
20130416  197911  37 N27  58
20130416  197911  70 S21   9
20130416  197911  75 S26   5
20130416  197911  80 S30   2
20130416  197911  81 S29   1
20130416  197911 nan nan   4
20130416  197915  31 N23  54
20130416  197915  32 N22  53
20130416  197915  36 N28  59
20130416  197915  37 N27  58
20130416  197915  70 S21   9
20130416  197915  75 S26   5
20130416  197915  80 S30   2
20130416  197915  81 S29   1
20130416  197915 nan nan   4
20130416  197919  31 N23  54
20130416  197919  32 N22  53
20130416  197919  36 N28  59
20130416  197919  37 N27  58
20130416  197919  70 S21   9
20130416  197919  75 S26   5
20130416  197919  80 S30   2
20130416  197919  81 S29   1
20130416  197919 nan nan   4
20130416  197923  31 N23  54
20130416  197923  32 N22  53
20130416  197923  36 N28  59
20130416  197923  37 N27  58
20130416  197923  70 S21   9
20130416  197923  75 S26   5
20130416  197923  80 S30   2
20130416  197923  81 S29   1
20130416  197976  11  N7  38
20130416  197976  48  S7  31
20130416  197977  11  N7  38
20130416  197977  48  S7  31
20130416  197980  38 N26  57
20130416  197980  39 N25  56
20130416  197980 nan nan  60
20130416  197980 nan nan   3
20130416  197980 nan nan  31
20130416  197980 nan nan  38
20130416  197981  11  N7  38
20130416  197981  48  S7  31
20130416  197984  38 N26  57
20130416  197984  39 N25  56
20130416  197984 nan nan  60
20130416  197984 nan nan   3
20130416  197984 nan nan  31
20130416  197984 nan nan  38
20130416  197985  11  N7  38
20130416  197985  48  S7  31
20130416  197988  38 N26  57
20130416  197988  39 N25  56
20130416  197988 nan nan  60
20130416  197988 nan nan   3
20130416  197988 nan nan  31
20130416  197988 nan nan  38
20130416  197989  11  N7  38
20130416  197989  48  S7  31
20130416  197992  38 N26  57
20130416  197992  39 N25  56
20130416  197984 nan nan  60
20130416  197984 nan nan  31
20130416  197984 nan nan  38
20130416  198030  34 N20  51
20130416  198031  71 S20   8
20130416  198031  76 S25   4
20130416  198034  34 N20  51
20130416  198035  71 S20   8
20130416  198035  76 S25   4
20130416  198038  34 N20  51
20130416  198039  71 S20   8
20130416  198039  76 S25   4
20130416  198042  34 N20  51
20130416  198043  71 S20   8
20130416  198043  76 S25   4
20130416  198065  76 S25   4
20130416  198065  81 S29   1
20130416  198069  76 S25   4
20130416  198069  81 S29   1
20130416  198073  76 S25   4
20130416  198073  81 S29   1
20130416  198077  76 S25   4
20130416  198077  81 S29   1
20130416  198148  79 S31   3
20130416  198152  79 S31   3
20130416  198156  79 S31   3
20130416  198160  79 S31   3
20130416  198186  76 S25   4
20130416  198186  81 S29   1
20130416  198187  39 N25  56
20130416  198191  42 N31  62
20130416  198191  43 N30  61
20130416  198192  42 N31  62
20130416  198192  43 N30  61
20130416  198192 nan nan  25
20130416  198192 nan nan  32
20130416  198199  76 S25   4
20130416  198199  81 S29   1
20130416  198200  39 N25  56
20130416  198204  42 N31  62
20130416  198204  43 N30  61
20130416  198205  42 N31  62
20130416  198205  43 N30  61
20130416  198212  76 S25   4
20130416  198212  81 S29   1
20130416  198213  39 N25  56
20130417  198384  75 S26   5
20130417  198384  76 S25   4
20130417  198384  80 S30   2
20130417  198384  81 S29   1
20130417  198390  36 N28  59
20130417  198390  37 N27  58
20130417  198390  42 N31  62
20130417  198390  43 N30  61
20130417  198391  61 S19  18
20130417  198391  62 S18  17
20130417  198391  67 S24  12
20130417  198391  11  N7  38
20130417  198394  36 N28  59
20130417  198394  37 N27  58
20130417  198394  42 N31  62
20130417  198394  43 N30  61
20130417  198395  61 S19  18
20130417  198395  62 S18  17
20130417  198395  67 S24  12
20130417  198395  11  N7  38
20130417  198398  36 N28  59
20130417  198398  37 N27  58
20130417  198398  42 N31  62
20130417  198398  43 N30  61
20130417  198399  61 S19  18
20130417  198399  62 S18  17
20130417  198399  67 S24  12
20130417  198399  11  N7  38
20130417  198402  36 N28  59
20130417  198402  37 N27  58
20130417  198402  42 N31  62
20130417  198402  43 N30  61
20130417  198403  61 S19  18
20130417  198403  62 S18  17
20130417  198403  67 S24  12
20130417  198403  11  N7  38
20130417  198440  60  S8  19
20130417  198440  66 S14  13
20130417  198444  60  S8  19
20130417  198444  66 S14  13
20130417  198448  60  S8  19
20130417  198448  66 S14  13
20130417  198452  60  S8  19
20130417  198452  66 S14  13
20130417  198495  31 N23  54
20130417  198495  32 N22  53
20130417  198495  36 N28  59
20130417  198495  37 N27  58
20130417  198495  70 S21   9
20130417  198495  75 S26   5
20130417  198495  80 S30   2
20130417  198495  81 S29   1
20130417  198495 nan nan   4
20130417  198499  31 N23  54
20130417  198499  32 N22  53
20130417  198499  36 N28  59
20130417  198499  37 N27  58
20130417  198499  70 S21   9
20130417  198499  75 S26   5
20130417  198499  80 S30   2
20130417  198499  81 S29   1
20130417  198499 nan nan   4
20130417  198503  31 N23  54
20130417  198503  32 N22  53
20130417  198503  36 N28  59
20130417  198503  37 N27  58
20130417  198503  70 S21   9
20130417  198503  75 S26   5
20130417  198503  80 S30   2
20130417  198503  81 S29   1
20130417  198503 nan nan   4
20130417  198507  31 N23  54
20130417  198507  32 N22  53
20130417  198507  36 N28  59
20130417  198507  37 N27  58
20130417  198507  70 S21   9
20130417  198507  75 S26   5
20130417  198507  80 S30   2
20130417  198507  81 S29   1
20130417  198507 nan nan   4
20130417  198560  11  N7  38
20130417  198560  48  S7  31
20130417  198561  11  N7  38
20130417  198561  48  S7  31
20130417  198564  38 N26  57
20130417  198564  39 N25  56
20130417  198564 nan nan  60
20130417  198564 nan nan   3
20130417  198564 nan nan  31
20130417  198564 nan nan  38
20130417  198565  11  N7  38
20130417  198565  48  S7  31
20130417  198568  38 N26  57
20130417  198568  39 N25  56
20130417  198568 nan nan  60
20130417  198568 nan nan   3
20130417  198568 nan nan  31
20130417  198568 nan nan  38
20130417  198569  11  N7  38
20130417  198569  48  S7  31
20130417  198572  38 N26  57
20130417  198572  39 N25  56
20130417  198572 nan nan  60
20130417  198572 nan nan   3
20130417  198572 nan nan  31
20130417  198572 nan nan  38
20130417  198573  11  N7  38
20130417  198573  48  S7  31
20130417  198576  38 N26  57
20130417  198576  39 N25  56
20130417  198576 nan nan  60
20130417  198576 nan nan   3
20130417  198576 nan nan  31
20130417  198576 nan nan  38
20130417  198614  34 N20  51
20130417  198615  71 S20   8
20130417  198615  76 S25   4
20130417  198618  34 N20  51
20130417  198619  71 S20   8
20130417  198619  76 S25   4
20130417  198622  34 N20  51
20130417  198623  71 S20   8
20130417  198623  76 S25   4
20130417  198626  34 N20  51
20130417  198628  71 S20   8
20130417  198628  76 S25   4
20130417  198663  76 S25   4
20130417  198663  81 S29   1
20130417  198664  39 N25  56
20130417  198668  42 N31  62
20130417  198668  43 N30  61
20130417  198668 nan nan  25
20130417  198668 nan nan  32
20130417  198669  42 N31  62
20130417  198669  43 N30  61
20130417  198669 nan nan  25
20130417  198669 nan nan  32
20130417  198676  76 S25   4
20130417  198676  81 S29   1
20130417  198677  39 N25  56
20130417  198681  42 N31  62
20130417  198681  43 N30  61
20130417  198682  42 N31  62
20130417  198682  43 N30  61
20130417  198689  76 S25   4
20130417  198689  81 S29   1
20130417  198690  39 N25  56
20130417  198694  42 N31  62
20130417  198694  43 N30  61
20130417  198701  76 S25   4
20130417  198701  81 S29   1
20130417  198702  39 N25  56
20130417  198706  42 N31  62
20130417  198706  43 N30  61
20130417  198713  76 S25   4
20130417  198713  81 S29   1
20130417  198714  39 N25  56
20130417  198718  42 N31  62
20130417  198718  43 N30  61
20130419  199379  76 S25   4
20130419  199379  81 S29   1
20130419  199380  76 S25   4
20130419  199380  81 S29   1
20130419  199381  76 S25   4
20130419  199381  81 S29   1
20130419  199382  76 S25   4
20130419  199382  81 S29   1
20130419  199437  19 N12  43
20130419  199437  20 N11  42
20130419  199437  25 N18  49
20130419  199437  26 N17  48
20130419  199438  19 N12  43
20130419  199438  20 N11  42
20130419  199438  25 N18  49
20130419  199438  26 N17  48
20130419  199439  19 N12  43
20130419  199439  20 N11  42
20130419  199439  25 N18  49
20130419  199439  26 N17  48
20130419  199443  81 S29   1
20130419  199443  80 S30   2
20130419  199444  81 S29   1
20130419  199444  80 S30   2
20130419  199445  81 S29   1
20130419  199445  80 S30   2
20130419  199461  67 S24  12
20130419  199461  73 S28   7
20130419  199462  67 S24  12
20130419  199462  73 S28   7
20130419  199463  67 S24  12
20130419  199463  73 S28   7
20130419  199509  48  S7  31
20130419  199509  55 S13  24
20130419  199510  48  S7  31
20130419  199510  55 S13  24
20130419  199511  48  S7  31
20130419  199511  55 S13  24
20130419  199528  42 N31  62
20130419  199543  18 N13  44
20130419  199543  19 N12  43
20130419  199543  24 N19  50
20130419  199543  25 N18  49
20130419  199543  30 N24  55
20130419  199544  44 N29  60
20130419  199544 nan nan   1
20130419  199574  48  S7  31
20130419  199578  81 S29   1
20130419  199590  18 N13  44
20130419  199590  24 N19  50
20130419  199596  29 N14  45
20130419  199606  11  N7  38
20130419  199606  48  S7  31
20130419  199617  24 N19  50
20130419  199617  30 N24  55
20130419  199617  36 N28  59
20130419  199621  11  N7  38
20130419  199621  48  S7  31
20130419  199621 nan nan  25
20130419  199621 nan nan  32
20130419  199634  16  N2  33
20130419  199634  17  N1  32
20130419  199634  53  S2  26
20130419  199634  54  S1  25
20130419  199634  60  S8  19
20130420  199852  29 N14  45
20130420  199852  34 N20  51
20130420  199853  29 N14  45
20130420  199853  34 N20  51
20130420  199854  29 N14  45
20130420  199854  34 N20  51
20130420  199868  80 S30   2
20130420  199869  80 S30   2
20130420  199870  80 S30   2
20130420  199886  54  S1  25
20130420  199887  54  S1  25
20130420  199934  36 N28  59
20130420  199934  42 N31  62
20130420  199934  48  S7  31
20130420  199934  49  S6  30
20130420  199934  55 S13  24
20130420  199934  56 S12  23
20130420  199934  61 S19  18
20130420  199934  62 S18  17
20130420  199934  67 S24  12
20130420  199935  36 N28  59
20130420  199935  42 N31  62
20130420  199935  48  S7  31
20130420  199935  49  S6  30
20130420  199935  55 S13  24
20130420  199935  56 S12  23
20130420  199935  61 S19  18
20130420  199935  62 S18  17
20130420  199935  67 S24  12
20130420  199936  36 N28  59
20130420  199936  42 N31  62
20130420  199936  48  S7  31
20130420  199936  49  S6  30
20130420  199936  55 S13  24
20130420  199936  56 S12  23
20130420  199936  61 S19  18
20130420  199936  62 S18  17
20130420  199936  67 S24  12
20130420  199975  11  N7  38
20130420  199983  64 S16  15
20130420  199983  65 S15  14
20130420  199983  68 S23  11
20130420  199983  69 S22  10
20130420  199983  70 S21   9
20130420  199983  74 S27   6
20130420  199983  75 S26   5
20130420  199983  80 S30   2
20130420  199984  48  S7  31
20130420  199984  49  S6  30
20130420  199984  55 S13  24
20130420  199984  56 S12  23
20130420  200066  73 S28   7
20130420  200066  79 S31   3
20130420  200066 nan nan  38
20130420  200066 nan nan  44
20130420  200075  42 N31  62
20130420  200079  32 N22  53
20130420  200079  37 N27  58
20130420  200079  38 N26  57
20130420  200079  43 N30  61
20130420  200111  23  N8  39
20130420  200111  29 N14  45
20130421  200583  79 S31   3
20130421  200589  11  N7  38
20130421  200613  24 N19  50
20130421  200613  25 N18  49
20130421  200613  30 N24  55
20130421  200613  31 N23  54
20130421  200613  36 N28  59
20130421  200614  42 N31  62
20130421  200621  11  N7  38
20130421  200630  73 S28   7
20130421  200630  79 S31   3
20130421  200634  69 S22  10
20130421  200634  70 S21   9
20130421  200634  74 S27   6
20130421  200634  75 S26   5
20130421  200634  80 S30   2
20130421  200634 nan nan   1
20130421  200634 nan nan   4
20130421  200652  48  S7  31
20130421  200666  53  S2  26
20130421  200666  54  S1  25
20130421  200666  59  S9  20
20130421  200666  60  S8  19
20130421  200666  65 S15  14
20130421  200666  66 S14  13
20130421  200666  71 S20   8
20130421  200675  44 N29  60
20130428  202384  34 N20  51
20130428  202384  39 N25  56
20130428  202385  48  S7  31
20130428  202385  55 S13  24
20130428  202386  48  S7  31
20130428  202386  55 S13  24
20130428  202387  48  S7  31
20130428  202387  55 S13  24
20130428  202388  48  S7  31
20130428  202388  55 S13  24
20130428  202389  48  S7  31
20130428  202389  49  S6  30
20130428  202389  55 S13  24
20130428  202390  48  S7  31
20130428  202390  49  S6  30
20130428  202390  55 S13  24
20130429  202621  74 S27   6
20130429  202621  80 S30   2
20130429  202621 nan nan   5
20130429  202621 nan nan  10
20130502  203279  75 S26   5
20130502  203279  80 S30   2
20130502  203279  81 S29   1
20130502  203279  71 S20   8
20130502  203315  79 S31   3
20130502  203315  80 S30   2
20130502  203316  79 S31   3
20130502  203316  80 S30   2
20130502  203317  79 S31   3
20130502  203317  80 S30   2
20130502  203375  66 S14  13
20130502  203376  66 S14  13
20130502  203498  80 S30   2
20130502  203499  80 S30   2
20130502  203516  48  S7  31
20130502  203516  49  S6  30
20130502  203516  55 S13  24
20130502  203516  61 S19  18
20130502  203517  48  S7  31
20130502  203517  49  S6  30
20130502  203517  55 S13  24
20130502  203517  61 S19  18
20130502  203518  48  S7  31
20130502  203518  49  S6  30
20130502  203518  55 S13  24
20130502  203518  61 S19  18
20130503  203645  29 N14  45
20130503  203645  34 N20  51
20130503  203645  39 N25  56
20130503  203646  29 N14  45
20130503  203646  34 N20  51
20130503  203646  39 N25  56
20130503  203647  29 N14  45
20130503  203647  34 N20  51
20130503  203647  39 N25  56
20130503  203648  80 S30   2
20130503  203649  80 S30   2
20130503  203650  80 S30   2
20130503  203654  81 S29   1
20130503  203655  81 S29   1
20130503  203656  81 S29   1
20130503  203657  73 S28   7
20130503  203657  79 S31   3
20130503  203658  73 S28   7
20130503  203658  79 S31   3
20130503  203659  73 S28   7
20130503  203659  79 S31   3
20130503  203666  17  N1  32
20130503  203666  54  S1  25
20130503  203667  17  N1  32
20130503  203667  54  S1  25
20130503  203668  17  N1  32
20130503  203668  54  S1  25
20130503  203684  76 S25   4
20130503  203684  11  N7  38
20130503  203684  48  S7  31
20130503  203685  76 S25   4
20130503  203685  11  N7  38
20130503  203685  48  S7  31
20130503  203686  76 S25   4
20130503  203686  11  N7  38
20130503  203686  48  S7  31
20130503  203744  11  N7  38
20130503  203744  12  N6  37
20130503  203744  18 N13  44
20130503  203744  48  S7  31
20130503  203744  49  S6  30
20130503  203744 nan nan  32
20130503  203745  11  N7  38
20130503  203745  12  N6  37
20130503  203745  18 N13  44
20130503  203745  48  S7  31
20130503  203745  49  S6  30
20130503  203745 nan nan  32
20130503  203746  11  N7  38
20130503  203746  12  N6  37
20130503  203746  18 N13  44
20130503  203746  48  S7  31
20130503  203746  49  S6  30
20130503  203746 nan nan  32
20130503  203756  32 N22  53
20130503  203756  37 N27  58
20130503  203756  38 N26  57
20130503  203757  32 N22  53
20130503  203757  37 N27  58
20130503  203757  38 N26  57
20130503  203758  32 N22  53
20130503  203758  37 N27  58
20130503  203758  38 N26  57
20130503  203774  37 N27  58
20130503  203774  38 N26  57
20130503  203774  42 N31  62
20130503  203774  43 N30  61
20130503  203774  44 N29  60
20130503  203775  37 N27  58
20130503  203775  38 N26  57
20130503  203775  42 N31  62
20130503  203775  43 N30  61
20130503  203775  44 N29  60
20130503  203776  37 N27  58
20130503  203776  38 N26  57
20130503  203776  42 N31  62
20130503  203776  43 N30  61
20130503  203776  44 N29  60
20130503  203791  71 S20   8
20130503  203791  75 S26   5
20130503  203791  76 S25   4
20130503  203791  81 S29   1
20130503  203792  71 S20   8
20130503  203792  75 S26   5
20130503  203792  76 S25   4
20130503  203792  81 S29   1
20130503  203793  71 S20   8
20130503  203793  75 S26   5
20130503  203793  76 S25   4
20130503  203793  81 S29   1
20130503  203794  18 N13  44
20130503  203794  24 N19  50
20130503  203794  25 N18  49
20130503  203794  30 N24  55
20130503  203794  31 N23  54
20130503  203794  36 N28  59
20130503  203795  18 N13  44
20130503  203795  24 N19  50
20130503  203795  25 N18  49
20130503  203795  30 N24  55
20130503  203795  31 N23  54
20130503  203795  36 N28  59
20130503  203796  18 N13  44
20130503  203796  24 N19  50
20130503  203796  25 N18  49
20130503  203796  30 N24  55
20130503  203796  31 N23  54
20130503  203796  36 N28  59
20130503  203803  67 S24  12
20130503  203803  73 S28   7
20130503  203804  67 S24  12
20130503  203804  73 S28   7
20130503  203805  67 S24  12
20130503  203805  73 S28   7
20130503  203809  17  N1  32
20130503  203810  17  N1  32
20130503  203811  17  N1  32
20130503  203815  34 N20  51
20130503  203815  39 N25  56
20130503  203816  34 N20  51
20130503  203816  39 N25  56
20130503  203817  34 N20  51
20130503  203817  39 N25  56
20130503  203821  81 S29   1
20130503  203822  81 S29   1
20130503  203823  81 S29   1
20130503  203824  17  N1  32
20130503  203824  23  N8  39
20130503  203825  17  N1  32
20130503  203825  23  N8  39
20130503  203826  17  N1  32
20130503  203826  23  N8  39
20130503  203827  25 N18  49
20130503  203827  30 N24  55
20130503  203827  31 N23  54
20130503  203827  36 N28  59
20130503  203827  37 N27  58
20130503  203827  42 N31  62
20130503  203828  25 N18  49
20130503  203828  30 N24  55
20130503  203828  31 N23  54
20130503  203828  36 N28  59
20130503  203828  37 N27  58
20130503  203828  42 N31  62
20130503  203829  25 N18  49
20130503  203829  30 N24  55
20130503  203829  31 N23  54
20130503  203829  36 N28  59
20130503  203829  37 N27  58
20130503  203829  42 N31  62
20130503  203878  39 N25  56
20130503  203878  44 N29  60
20130503  203879  39 N25  56
20130503  203879  44 N29  60
20130503  203880  39 N25  56
20130503  203880  44 N29  60
20130503  203881  11  N7  38
20130503  203881  18 N13  44
20130503  203881  24 N19  50
20130503  203881  30 N24  55
20130503  203882  11  N7  38
20130503  203882  18 N13  44
20130503  203882  24 N19  50
20130503  203882  30 N24  55
20130503  203883  11  N7  38
20130503  203883  18 N13  44
20130503  203883  24 N19  50
20130503  203883  30 N24  55
20130503  203890  17  N1  32
20130503  203890  54  S1  25
20130503  203891  17  N1  32
20130503  203891  54  S1  25
20130503  203892  17  N1  32
20130503  203892  54  S1  25
20130504  204087  30 N24  55
20130504  204087  31 N23  54
20130504  204087  36 N28  59
20130504  204088  30 N24  55
20130504  204088  31 N23  54
20130504  204088  36 N28  59
20130504  204125  17  N1  32
20130504  204125  23  N8  39
20130504  204125  54  S1  25
20130504  204126  17  N1  32
20130504  204126  23  N8  39
20130504  204126  54  S1  25
20130504  204129  55 S13  24
20130504  204129  61 S19  18
20130504  204129  67 S24  12
20130504  204129  73 S28   7
20130504  204130  55 S13  24
20130504  204130  61 S19  18
20130504  204130  67 S24  12
20130504  204130  73 S28   7
20130504  204137  14  N4  35
20130504  204137  15  N3  34
20130504  204137  21 N10  41
20130504  204137  22  N9  40
20130504  204137  51  S4  28
20130504  204137  52  S3  27
20130504  204137  53  S2  26
20130504  204137  57 S11  22
20130504  204137  58 S10  21
20130504  204137  59  S9  20
20130504  204137  63 S17  16
20130504  204137  64 S16  15
20130504  204137  65 S15  14
20130504  204137  66 S14  13
20130504  204137  69 S22  10
20130504  204137  70 S21   9
20130504  204137  71 S20   8
20130504  204137  75 S26   5
20130504  204137  76 S25   4
20130504  204137  81 S29   1
20130504  204137  36 N28  59
20130504  204138  14  N4  35
20130504  204138  15  N3  34
20130504  204138  21 N10  41
20130504  204138  22  N9  40
20130504  204138  27 N16  47
20130504  204138  51  S4  28
20130504  204138  52  S3  27
20130504  204138  53  S2  26
20130504  204138  57 S11  22
20130504  204138  58 S10  21
20130504  204138  59  S9  20
20130504  204138  63 S17  16
20130504  204138  64 S16  15
20130504  204138  65 S15  14
20130504  204138  66 S14  13
20130504  204138  69 S22  10
20130504  204138  70 S21   9
20130504  204138  71 S20   8
20130504  204138  75 S26   5
20130504  204138  76 S25   4
20130504  204138  81 S29   1
20130504  204138  36 N28  59
20130504  204145  73 S28   7
20130504  204147  13  N5  36
20130504  204147  14  N4  35
20130504  204147  15  N3  34
20130504  204147  16  N2  33
20130504  204147  19 N12  43
20130504  204147  20 N11  42
20130504  204147  21 N10  41
20130504  204147  22  N9  40
20130504  204147  23  N8  39
20130504  204147  26 N17  48
20130504  204147  27 N16  47
20130504  204147  28 N15  46
20130504  204147  29 N14  45
20130504  204147  33 N21  52
20130504  204147  34 N20  51
20130504  204147  39 N25  56
20130504  204147  50  S5  29
20130504  204147  51  S4  28
20130504  204147  52  S3  27
20130504  204147  57 S11  22
20130504  204147  58 S10  21
20130504  204147  59  S9  20
20130504  204147  64 S16  15
20130504  204148  13  N5  36
20130504  204148  14  N4  35
20130504  204148  15  N3  34
20130504  204148  16  N2  33
20130504  204148  19 N12  43
20130504  204148  20 N11  42
20130504  204148  21 N10  41
20130504  204148  22  N9  40
20130504  204148  23  N8  39
20130504  204148  26 N17  48
20130504  204148  27 N16  47
20130504  204148  28 N15  46
20130504  204148  29 N14  45
20130504  204148  33 N21  52
20130504  204148  34 N20  51
20130504  204148  39 N25  56
20130504  204148  50  S5  29
20130504  204148  51  S4  28
20130504  204148  52  S3  27
20130504  204148  57 S11  22
20130504  204148  58 S10  21
20130504  204148  59  S9  20
20130504  204148  64 S16  15
20130505  204332  68 S23  11
20130505  204332  69 S22  10
20130505  204332  74 S27   6
20130505  204332  75 S26   5
20130505  204332  79 S31   3
20130505  204332  80 S30   2
20130505  204333  68 S23  11
20130505  204333  69 S22  10
20130505  204333  74 S27   6
20130505  204333  75 S26   5
20130505  204333  79 S31   3
20130505  204333  80 S30   2
20130505  204338  55 S13  24
20130505  204338  56 S12  23
20130505  204338  61 S19  18
20130505  204338  62 S18  17
20130505  204338  67 S24  12
20130505  204338  68 S23  11
20130505  204338  73 S28   7
20130505  204338  74 S27   6
20130505  204339  55 S13  24
20130505  204339  56 S12  23
20130505  204339  61 S19  18
20130505  204339  62 S18  17
20130505  204339  67 S24  12
20130505  204339  68 S23  11
20130505  204339  73 S28   7
20130505  204339  74 S27   6
20130505  204414  15  N3  34
20130505  204415  15  N3  34
20130506  204644  81 S29   1
20130506  204671  30 N24  55
20130506  204672  30 N24  55
20130506  204759  80 S30   2
20130506  204759  81 S29   1
20130506  204759 nan nan  59
20130506  204759 nan nan  58
20130506  204760  80 S30   2
20130506  204760  81 S29   1
20130506  204760 nan nan  59
20130506  204760 nan nan  58
20130506  204785  79 S31   3
20130506  204786  79 S31   3
20130507  205009  55 S13  24
20130507  205009  61 S19  18
20130507  205024  55 S13  24
20130507  205024  61 S19  18
20130508  205128  73 S28   7
20130510  205347  11  N7  38
20130510  205347  48  S7  31
20130510  205348  11  N7  38
20130510  205348  48  S7  31
20130510  205349  11  N7  38
20130510  205349  48  S7  31
20130510  205353  11  N7  38
20130510  205353  48  S7  31
20130510  205401  11  N7  38
20130510  205402  11  N7  38
20130510  205403  11  N7  38
20130510  205404  11  N7  38
20130510  205443  33 N21  52
20130510  205443  34 N20  51
20130510  205443  39 N25  56
20130510  205447  33 N21  52
20130510  205447  34 N20  51
20130510  205447  39 N25  56
20130511  205622  11  N7  38
20130511  205623  11  N7  38
20130511  205624  11  N7  38
20130511  205625  11  N7  38
20130511  205661  11  N7  38
20130511  205662  11  N7  38
20130511  205663  11  N7  38
20130511  205664  11  N7  38
20130511  205665  11  N7  38
20130511  205693  34 N20  51
20130511  205693  39 N25  56
20130511  205697  34 N20  51
20130511  205697  39 N25  56
20130511  205697  56 S12  23
20130511  205697  62 S18  17
20130511  205697  63 S17  16
20130511  205697  68 S23  11
20130529  206407  36 N28  59
20130529  206414  36 N28  59
20130529  206415  36 N28  59
20130529  206416  36 N28  59
20130529  206599  17  N1  32
20130529  206603  17  N1  32
20130529  206604  17  N1  32
20130529  206605  17  N1  32
20130529  206606  17  N1  32
20130529  206607  17  N1  32
20130529  206608  17  N1  32
20130601  207427  26 N17  48
20130601  207428  26 N17  48
20130601  207429  26 N17  48
20130601  207429  32 N22  53
20130601  207430  26 N17  48
20130601  207430  31 N23  54
20130601  207430  32 N22  53
20130604  208785  48  S7  31
20130604  208785  55 S13  24
20130604  208785  61 S19  18
20130604  208785  67 S24  12
20130604  208786  48  S7  31
20130604  208786  55 S13  24
20130604  208786  61 S19  18
20130604  208786  67 S24  12
20130604  208787  48  S7  31
20130604  208787  55 S13  24
20130604  208787  61 S19  18
20130604  208788  48  S7  31
20130604  208788  55 S13  24
20130604  208788  61 S19  18
20130604  208788  67 S24  12
20130604  208789  48  S7  31
20130604  208789  55 S13  24
20130604  208789  61 S19  18
20130604  208789  67 S24  12
20130604  208790  48  S7  31
20130604  208790  55 S13  24
20130604  208790  61 S19  18
20130604  208791  48  S7  31
20130604  208791  55 S13  24
20130604  208791  61 S19  18
20130604  208792  48  S7  31
20130604  208792  55 S13  24
20130604  208792  61 S19  18
20130604  208793  48  S7  31
20130604  208793  55 S13  24
20130604  208793  61 S19  18
20130604  208793  67 S24  12
20130604  208794  48  S7  31
20130604  208794  55 S13  24
20130604  208794  61 S19  18
20130604  208794  67 S24  12
20130604  208795  48  S7  31
20130604  208795  55 S13  24
20130604  208795  61 S19  18
20130604  208796  48  S7  31
20130604  208796  55 S13  24
20130604  208796  61 S19  18
20130604  208796  67 S24  12
20130604  208797  55 S13  24
20130604  208797  61 S19  18
20130604  208797  67 S24  12
20130604  208798  55 S13  24
20130604  208798  61 S19  18
20130604  208798  67 S24  12
20130604  208799  48  S7  31
20130604  208799  55 S13  24
20130604  208799  61 S19  18
20130604  208800  48  S7  31
20130604  208800  55 S13  24
20130604  208800  61 S19  18
20130606  209415  11  N7  38
20130606  209416  11  N7  38
20130606  209417  11  N7  38
20130606  209418  11  N7  38
20130606  209419  11  N7  38
20130606  209442  11  N7  38
20130606  209443  11  N7  38
20130606  209444  11  N7  38
20130606  209445  11  N7  38
20130606  209446  11  N7  38
20130606  209498  34 N20  51
20130606  209498  39 N25  56
20130606  209556  33 N21  52
20130606  209556  34 N20  51
20130606  209556  39 N25  56
20130606  209560  33 N21  52
20130606  209560  34 N20  51
20130606  209560  39 N25  56
20130606  209604  34 N20  51
20130606  209604  39 N25  56
20130606  209628  34 N20  51
20130606  209628  39 N25  56
20130606  209631  34 N20  51
20130607  209740  11  N7  38
20130607  209741  11  N7  38
20130607  209742  11  N7  38
20130607  209743  11  N7  38
20130607  209744  11  N7  38
20130607  209763  11  N7  38
20130607  209764  11  N7  38
20130607  209765  11  N7  38
20130607  209766  11  N7  38
20130607  209767  11  N7  38
20130607  209806  34 N20  51
20130607  209806  39 N25  56
20130607  209810  34 N20  51
20130607  209810  39 N25  56
20130607  209860  34 N20  51
20130607  209860  39 N25  56
20130607  209918  34 N20  51
20130607  209918  39 N25  56
20130607  209920  34 N20  51
20130607  209920  39 N25  56
20130607  209922  34 N20  51
20130607  209922  39 N25  56
20130608  210094  11  N7  38
20130608  210095  11  N7  38
20130608  210096  11  N7  38
20130608  210097  11  N7  38
20130608  210098  11  N7  38
20130608  210132  34 N20  51
20130608  210132  39 N25  56
20130608  210185  34 N20  51
20130608  210185  39 N25  56
20130608  210255  34 N20  51
20130608  210255  39 N25  56
20130608  210259  34 N20  51
20130608  210259  39 N25  56
20130608  210291  34 N20  51
20130608  210291  39 N25  56
20130609  210532  34 N20  51
20130609  210532  39 N25  56
20130612  211972  17  N1  32
20130613  212452  48  S7  31
20130613  212469  48  S7  31
20130613  212470  48  S7  31
20130614  212745  61 S19  18
20130614  212749 nan nan  12
20130614  212749 nan nan  18
20130614  212750  61 S19  18
20130614  212754  61 S19  18
20130614  212758  61 S19  18
20130614  212760  73 S28   7
20130615  212982  79 S31   3
20130615  213131  61 S19  18
20130615  213135  61 S19  18
20130615  213136  61 S19  18
20130615  213164  61 S19  18
20130615  213168  61 S19  18
20130615  213169  61 S19  18
20130616  213403  73 S28   7
20130616  213403  79 S31   3
20130616  213403 nan nan  12
20130616  213407  67 S24  12
20130616  213407  73 S28   7
20130616  213407  79 S31   3
20130616  213413  67 S24  12
20130616  213413  73 S28   7
20130616  213413  79 S31   3
20130616  213429  24 N19  50
20130616  213429  30 N24  55
20130617  213758 nan nan   8
20130617  213788  24 N19  50
20130617  213950  48  S7  31
20130617  213950 nan nan  38
20130617  213952  48  S7  31
20130618  214256  44 N29  60
20130618  214256  11  N7  38
20130618  214256  18 N13  44
20130618  214258  44 N29  60
20130618  214258  11  N7  38
20130618  214258  18 N13  44
20130618  214259  44 N29  60
20130618  214259  11  N7  38
20130618  214259  18 N13  44
20130623  217140  80 S30   2
20130623  217140 nan nan   1
20130623  217141  80 S30   2
20130623  217141 nan nan   1
20130623  217142  80 S30   2
20130623  217142 nan nan   1
20130623  217143  80 S30   2
20130623  217143 nan nan   1
20130623  217144  80 S30   2
20130623  217144 nan nan   1
20130623  217146  80 S30   2
20130623  217146 nan nan   1
20130623  217147  80 S30   2
20130623  217147 nan nan   1
20130623  217148  80 S30   2
20130623  217148 nan nan   1
20130623  217149  80 S30   2
20130623  217149 nan nan   1
20130623  217150  80 S30   2
20130623  217150 nan nan   1
20130623  217151  80 S30   2
20130623  217151 nan nan   1
20130623  217152  80 S30   2
20130623  217152 nan nan   1
20130712  218336  42 N31  62
20130716  219604  44 N29  60
20130716  219606  44 N29  60
20130716  219609  44 N29  60
20130716  219615  44 N29  60
20130716  219616  44 N29  60
20130716  219617  44 N29  60
20130716  219618  44 N29  60
20130716  219676  81 S29   1
20130717  219858  44 N29  60
20130717  219858  11  N7  38
20130717  219858  18 N13  44
20130717  219858  24 N19  50
20130717  220010  18 N13  44
20130717  220010  24 N19  50
20130717  220194  66 S14  13
20130717  220194  71 S20   8
20130717  220195  66 S14  13
20130717  220195  71 S20   8
20130717  220196  66 S14  13
20130717  220196  71 S20   8
20130717  220198  66 S14  13
20130717  220198  71 S20   8
20130717  220199  66 S14  13
20130717  220199  71 S20   8
20130717  220200  66 S14  13
20130717  220200  71 S20   8
20130718  220370  44 N29  60
20130718  220370  11  N7  38
20130718  220370  18 N13  44
20130718  220370  24 N19  50
20130718  220631  18 N13  44
20130718  220631  24 N19  50
20121201  157276  32 N22  53
20121201  157276  37 N27  58
20121201  157276  38 N26  57
20121201  157276  43 N30  61
20121201  157279  31 N23  54
20121201  157279  32 N22  53
20121201  157279  33 N21  52
20121201  157279  37 N27  58
20121201  157279  38 N26  57
20121201  157279  42 N31  62
20121201  157279  43 N30  61
20121201  157279  44 N29  60
20121201  157289  73 S28   7
20121201  157289  79 S31   3
20121201  157289  24 N19  50
20121201  157294  24 N19  50
20121201  157294  30 N24  55
20121201  157297  73 S28   7
20121201  157297  79 S31   3
20121201  157297  24 N19  50
20121201  157302  24 N19  50
20121201  157302  30 N24  55
20121201  157305  73 S28   7
20121201  157305  79 S31   3
20121201  157305  24 N19  50
20121201  157310  24 N19  50
20121201  157310  30 N24  55
20121201  157313  73 S28   7
20121201  157313  79 S31   3
20121201  157313  24 N19  50
20121201  157318  24 N19  50
20121201  157318  30 N24  55
20121201  157321  73 S28   7
20121201  157321  79 S31   3
20121201  157321  24 N19  50
20121201  157326  24 N19  50
20121201  157326  30 N24  55
20130305  184302  36 N28  59
20130305  184302  37 N27  58
20130305  184302  42 N31  62
20130305  184410  17  N1  32
20130305  184410  23  N8  39
20130305  184410  54  S1  25
20130305  184411  17  N1  32
20130305  184411  54  S1  25
20130305  184412  11  N7  38
20130305  184412  48  S7  31
20130305  184412  12  N6  37
20130305  184412  13  N5  36
20130305  184412  18 N13  44
20130305  184412  19 N12  43
20130305  184412  49  S6  30
20130305  184412  50  S5  29
20130305  184412  55 S13  24
20130305  184412  56 S12  23
20130305  184412  57 S11  22
20130305  184413  11  N7  38
20130305  184413  12  N6  37
20130305  184413  13  N5  36
20130305  184413  18 N13  44
20130305  184413  19 N12  43
20130305  184413  20 N11  42
20130305  184413  48  S7  31
20130305  184413  49  S6  30
20130305  184413  50  S5  29
20130305  184413  55 S13  24
20130305  184413  56 S12  23
20130305  184413  57 S11  22
20130305  184414  73 S28   7
20130305  184414  74 S27   6
20130305  184414  79 S31   3
20130305  184415  73 S28   7
20130305  184415  74 S27   6
20130305  184415  79 S31   3
20130305  184416  73 S28   7
20130305  184416  74 S27   6
20130305  184416  79 S31   3
20130305  184432  56 S12  23
20130305  184432  61 S19  18
20130305  184432  62 S18  17
20130305  184432  67 S24  12
20130305  184432  73 S28   7
20130305  184434  17  N1  32
20130305  184434  54  S1  25
20130308  184815  76 S25   4
20130308  184816  76 S25   4
20130308  184969  43 N30  61
20130308  184969  44 N29  60
20130405  194412  12  N6  37
20130405  194412  13  N5  36
20130405  194412  19 N12  43
20130405  194412  20 N11  42
20130405  194412  25 N18  49
20130405  194412  60  S8  19
20130405  194412  65 S15  14
20130405  194412  66 S14  13
20130405  194412  71 S20   8
20130405  194412  36 N28  59
20130405  194412  37 N27  58
20130405  194412  42 N31  62
20130419  199423  15  N3  34
20130419  199423  16  N2  33
20130419  199423  17  N1  32
20130419  199423  21 N10  41
20130419  199423  22  N9  40
20130419  199423  23  N8  39
20130419  199423  27 N16  47
20130419  199423  28 N15  46
20130419  199423  52  S3  27
20130419  199423  53  S2  26
20130419  199423  54  S1  25
20130419  199423  58 S10  21
20130419  199423  59  S9  20
20130419  199423  60  S8  19
20130419  199423  64 S16  15
20130419  199423  65 S15  14
20130419  199424  15  N3  34
20130419  199424  16  N2  33
20130419  199424  17  N1  32
20130419  199424  21 N10  41
20130419  199424  22  N9  40
20130419  199424  23  N8  39
20130419  199424  52  S3  27
20130419  199424  53  S2  26
20130419  199424  54  S1  25
20130419  199424  58 S10  21
20130419  199424  59  S9  20
20130419  199424  60  S8  19
20130419  199424  64 S16  15
20130419  199467  42 N31  62
20130419  199468  36 N28  59
20130419  199468  42 N31  62
20130419  199469  36 N28  59
20130419  199469  42 N31  62
20130420  199877  67 S24  12
20130420  199877  73 S28   7
20130420  199877  11  N7  38
20130420  199878  67 S24  12
20130420  199878  73 S28   7
20130420  199896  63 S17  16
20130420  199896  64 S16  15
20130420  199896  65 S15  14
20130420  199896  68 S23  11
20130420  199896  69 S22  10
20130420  199896  70 S21   9
20130420  199896  71 S20   8
20130420  199896  74 S27   6
20130420  199896  75 S26   5
20130420  199896  80 S30   2
20130420  199896  81 S29   1
20130503  203917  18 N13  44
20130503  203917  24 N19  50
20130503  203917  30 N24  55
20130503  203918  18 N13  44
20130503  203918  24 N19  50
20130503  203918  30 N24  55
20130503  203919  18 N13  44
20130503  203919  24 N19  50
20130503  203919  30 N24  55
20130614  212674  76 S25   4
# DECADE Addition
20121201  157276  32 N22  53
20121201  157276  37 N27  58
20121201  157276  38 N26  57
20121201  157276  43 N30  61
20121201  157276 nan nan  20
20121201  157276 nan nan  26
20121201  157276 nan nan  33
20121201  157279  32 N22  53
20121201  157279  33 N21  52
20121201  157279  37 N27  58
20121201  157279  38 N26  57
20121201  157279  43 N30  61
20121201  157279  44 N29  60
20121201  157279 nan nan  26
20121201  157279 nan nan  33
20121201  157289  73 S28   7
20121201  157289  79 S31   3
20121201  157289  24 N19  50
20121201  157289 nan nan  60
20121201  157294  24 N19  50
20121201  157294  30 N24  55
20121201  157294 nan nan   3
20121201  157294 nan nan   6
20121201  157294 nan nan   7
20121201  157294 nan nan  60
20121201  157297  73 S28   7
20121201  157297  79 S31   3
20121201  157297  24 N19  50
20121201  157297 nan nan  55
20121201  157302  24 N19  50
20121201  157302  30 N24  55
20121201  157302 nan nan   3
20121201  157302 nan nan   6
20121201  157302 nan nan   7
20121201  157305  73 S28   7
20121201  157305  79 S31   3
20121201  157305  24 N19  50
20121201  157305 nan nan  55
20121201  157310  24 N19  50
20121201  157310  30 N24  55
20121201  157310 nan nan   3
20121201  157310 nan nan   7
20121201  157310 nan nan  60
20121201  157313  73 S28   7
20121201  157313  79 S31   3
20121201  157313  24 N19  50
20121201  157313 nan nan  55
20121201  157318  24 N19  50
20121201  157318 nan nan   3
20121201  157318 nan nan   7
20121201  157321  73 S28   7
20121201  157321  79 S31   3
20121201  157321  24 N19  50
20121201  157321 nan nan  55
20121201  157326  24 N19  50
20121201  157326 nan nan   3
20121201  157326 nan nan   7
20130305  184302  36 N28  59
20130305  184302  37 N27  58
20130305  184302  42 N31  62
20130305  184412  11  N7  38
20130305  184412  48  S7  31
20130305  184412  12  N6  37
20130305  184412  13  N5  36
20130305  184412  49  S6  30
20130305  184412  50  S5  29
20130305  184412  55 S13  24
20130305  184412  56 S12  23
20130305  184413  11  N7  38
20130305  184413  12  N6  37
20130305  184413  13  N5  36
20130305  184413  18 N13  44
20130305  184413  48  S7  31
20130305  184413  49  S6  30
20130305  184413  50  S5  29
20130305  184413  55 S13  24
20130305  184413  56 S12  23
20130305  184432  61 S19  18
20130305  184432  62 S18  17
20130305  184432  67 S24  12
20130308  184815  76 S25   4
20130308  184816  76 S25   4
20130308  184969  43 N30  61
20130405  194412  60  S8  19
20130405  194412  65 S15  14
20130405  194412  66 S14  13
20130405  194412  71 S20   8
20130419  199423  15  N3  34
20130419  199423  16  N2  33
20130419  199423  17  N1  32
20130419  199423  52  S3  27
20130419  199423  53  S2  26
20130419  199423  54  S1  25
20130419  199424  15  N3  34
20130419  199424  16  N2  33
20130419  199424  17  N1  32
20130419  199424  52  S3  27
20130419  199424  53  S2  26
20130419  199424  54  S1  25
20130419  199467  42 N31  62
20130420  199877  11  N7  38
20130420  199896  63 S17  16
20130420  199896  64 S16  15
20130420  199896  65 S15  14
20130420  199896  68 S23  11
20130420  199896  69 S22  10
20130420  199896  70 S21   9
20130420  199896  71 S20   8
20130420  199896  74 S27   6
20130420  199896  75 S26   5
20130420  199896 nan nan   4
20130420  199896  80 S30   2
20130420  199896  81 S29   1
20130503  203918  18 N13  44
20130503  203918  24 N19  50
20130503  203918  30 N24  55
20130503  203919  18 N13  44
20130503  203919  24 N19  50
20130503  203919  30 N24  55
20130420  199985 nan nan  12
20130420  199985 nan nan  18
20130420  199985 nan nan  24
20130413  196568 nan nan  62
20130413  196569 nan nan  62
20130413  196575 nan nan  62
20130413  196580 nan nan  62
20130413  196581 nan nan  62
20130413  196586 nan nan  62
20130413  196587 nan nan  62
20130413  196592 nan nan  62
20130413  196593 nan nan  62
20130413  196598 nan nan  62
20130413  196599 nan nan  62
20130413  196604 nan nan  62
20130413  196605 nan nan  62
20130413  196610 nan nan  62
20130413  196611 nan nan  62
20130216  178580 nan nan  3
20130216  178580 nan nan  38
20130216  178580 nan nan  3 
20130216  178580 nan nan  38
20130216  178580 nan nan  3
20130216  178580 nan nan  38
20130216  178580 nan nan  3
20130216  178580 nan nan  38
20121201  157266 nan nan  26
20121201  157266 nan nan  33
20121201  157266 nan nan  40
20121201  157266 nan nan  53
20121201  157267 nan nan  26
20121201  157267 nan nan  33
20121201  157267 nan nan  40
20121201  157267 nan nan  53
20121201  157268 nan nan  26
20121201  157268 nan nan  33
20121201  157268 nan nan  40
20121201  157268 nan nan  53
20121201  157269 nan nan  26
20121201  157269 nan nan  33
20121201  157269 nan nan  40
20121201  157269 nan nan  53
20130317  187044 nan nan  38
20130317  187044 nan nan  62
20130413  196794 nan nan  8
20130413  196794 nan nan  13
20130413  196794 nan nan  38
20130413  196803 nan nan  8
20130413  196803 nan nan  13
20130413  196803 nan nan  31
20130413  196803 nan nan  38
20130413  196804 nan nan  8
20130413  196804 nan nan  13
20130413  196804 nan nan  31
20130413  196804 nan nan  38
20130413  196805 nan nan  8
20130413  196805 nan nan  13
20130413  196805 nan nan  31
20130413  196805 nan nan  38
20130203  175065 nan nan  43
20130203  175065 nan nan  44
20130203  175065 nan nan  49
20130203  175065 nan nan  50
20130203  175065 nan nan  55
20130203  175066 nan nan  43
20130203  175066 nan nan  44
20130203  175066 nan nan  49
20130203  175066 nan nan  50
20130203  175066 nan nan  55
20130203  175067 nan nan  43
20130203  175067 nan nan  44
20130203  175067 nan nan  49
20130203  175067 nan nan  50
20130203  175067 nan nan  55
20130203  175069 nan nan  43
20130203  175069 nan nan  49
20130203  175069 nan nan  55
20130203  175070 nan nan  37
20130203  175070 nan nan  43
20130203  175070 nan nan  49
20130203  175073 nan nan  44
20130203  175073 nan nan  49
20130203  175073 nan nan  55
20130203  175074 nan nan  37
20130203  175074 nan nan  43
20130203  175074 nan nan  49
20130203  175076 nan nan  43
20130203  175076 nan nan  44
20130203  175076 nan nan  49
20130203  175076 nan nan  54
20130203  175078 nan nan  37
20130203  175078 nan nan  43
20130203  175078 nan nan  49
20130205  175611 nan nan  37
20130205  175611 nan nan  43
20130205  175611 nan nan  49
20130205  175612 nan nan  37
20130205  175612 nan nan  43
20130205  175612 nan nan  49
20130205  175614 nan nan  30
20130205  175614 nan nan  37
20130205  175614 nan nan  43
20130205  175615 nan nan  50
20130205  175615 nan nan  55
20130205  175615 nan nan  59


